317
0.000000 -77.988914
1.260164 -77.991844
2.520328 -77.993797
3.780492 -77.992821
5.040656 -78.004532
6.300821 -78.003555
7.560985 -77.993797
8.821149 -78.005508
10.081313 -78.002579
11.341477 -77.998680
12.601641 -77.993797
13.861805 -78.004532
15.121969 -77.993797
16.382133 -77.994774
17.642297 -77.991844
18.902462 -77.990868
20.162626 -77.988914
21.422790 -77.997704
22.682954 -77.988914
23.943118 -77.997704
25.203282 -78.006485
26.463446 -78.009415
27.723610 -78.008438
28.983774 -78.006485
30.243938 -78.013321
31.504103 -78.005508
32.764267 -78.004532
34.024431 -78.001602
35.284595 -78.002579
36.544759 -77.997704
37.804923 -77.994774
39.065087 -77.989891
40.325251 -77.992821
41.585415 -77.994774
42.845580 -77.999657
44.105744 -78.003555
45.365908 -78.010391
46.626072 -78.014297
47.886236 -78.014297
49.146400 -78.014297
50.406564 -78.011368
51.666728 -78.021126
52.926892 -78.068954
54.187056 -78.119713
55.447221 -78.186089
56.707385 -78.250504
57.967549 -78.312004
59.227713 -78.369591
60.487877 -78.425224
61.748041 -78.483788
63.008205 -78.536499
64.268369 -78.592140
65.528533 -78.642891
66.788698 -78.688766
68.048862 -78.730743
69.309026 -78.759048
70.569190 -78.788330
71.829354 -78.816635
73.089518 -78.854706
74.349682 -78.879105
75.609846 -78.903511
76.870010 -78.932793
78.130174 -78.960121
79.390339 -78.978668
80.650503 -78.995262
81.910667 -79.020638
83.170831 -79.037231
84.430995 -79.058708
85.691159 -79.087990
86.951323 -79.095795
88.211487 -79.110435
89.471651 -79.118248
90.731815 -79.131912
91.991980 -79.131912
93.252144 -79.149483
94.512308 -79.159241
95.772472 -79.169975
97.032636 -79.173882
98.292800 -79.182671
99.552964 -79.188522
100.813128 -79.196335
102.073292 -79.205116
103.333457 -79.214874
104.593621 -79.211952
105.853785 -79.226593
107.113949 -79.237328
108.374113 -79.227570
109.634277 -79.239281
110.894441 -79.245140
112.154605 -79.239281
113.414769 -79.247086
114.674933 -79.250015
115.935098 -79.255875
117.195262 -79.250992
118.455426 -79.254898
119.715590 -79.256851
120.975754 -79.263680
122.235918 -79.270515
123.496082 -79.271492
124.756246 -79.275398
126.016410 -79.281250
127.276575 -79.285156
128.536739 -79.281250
129.796903 -79.286133
131.057067 -79.281250
132.317231 -79.279297
133.577395 -79.278320
134.837559 -79.287109
136.097723 -79.281250
137.357887 -79.273445
138.618051 -79.283203
139.878216 -79.279297
141.138380 -79.280273
142.398544 -79.279297
143.658708 -79.289062
144.918872 -79.292961
146.179036 -79.302727
147.439200 -79.299797
148.699364 -79.294914
149.959528 -79.291016
151.219692 -79.289062
152.479857 -79.289062
153.740021 -79.289062
155.000185 -79.291992
156.260349 -79.285156
157.520513 -79.281250
158.780677 -79.280273
160.040841 -79.274422
161.301005 -79.274422
162.561169 -79.282227
163.821334 -79.292969
165.081498 -79.287109
166.341662 -79.300774
167.601826 -79.297844
168.861990 -79.299797
170.122154 -79.291992
171.382318 -79.290039
172.642482 -79.289062
173.902646 -79.288086
175.162810 -79.291016
176.422975 -79.282227
177.683139 -79.281250
178.943303 -79.288086
180.203467 -79.284180
181.463631 -79.280273
182.723795 -79.291016
183.983959 -79.292969
185.244123 -79.302727
186.504287 -79.297844
187.764452 -79.303703
189.024616 -79.293938
190.284780 -79.297844
191.544944 -79.297844
192.805108 -79.291992
194.065272 -79.291016
195.325436 -79.297844
196.585600 -79.282227
197.845764 -79.273445
199.105928 -79.286133
200.366093 -79.283203
201.626257 -79.281250
202.886421 -79.289062
204.146585 -79.290039
205.406749 -79.291016
206.666913 -79.297844
207.927077 -79.297844
209.187241 -79.289062
210.447405 -79.288086
211.707569 -79.287109
212.967734 -79.289062
214.227898 -79.287109
215.488062 -79.290039
216.748226 -79.284180
218.008390 -79.281250
219.268554 -79.280273
220.528718 -79.271492
221.788882 -79.279297
223.049046 -79.279297
224.309211 -79.276375
225.569375 -79.284180
226.829539 -79.290039
228.089703 -79.287109
229.349867 -79.275398
230.610031 -79.287109
231.870195 -79.283203
233.130359 -79.273445
234.390523 -79.276375
235.650687 -79.283203
236.910852 -79.269539
238.171016 -79.267586
239.431180 -79.274422
240.691344 -79.263680
241.951508 -79.265633
243.211672 -79.277344
244.471836 -79.283203
245.732000 -79.285156
246.992164 -79.279297
248.252329 -79.281250
249.512493 -79.272469
250.772657 -79.267586
252.032821 -79.258804
253.292985 -79.218781
254.553149 -79.167053
255.813313 -79.107506
257.073477 -79.042114
258.333641 -78.970856
259.593805 -78.913269
260.853970 -78.852753
262.114134 -78.799065
263.374298 -78.754166
264.634462 -78.707314
265.894626 -78.659485
267.154790 -78.619469
268.414954 -78.569687
269.675118 -78.531616
270.935282 -78.490623
272.195446 -78.453529
273.455611 -78.428154
274.715775 -78.396919
275.975939 -78.368614
277.236103 -78.337379
278.496267 -78.307121
279.756431 -78.289551
281.016595 -78.268074
282.276759 -78.249535
283.536923 -78.239769
284.797088 -78.229034
286.057252 -78.211464
287.317416 -78.196823
288.577580 -78.175346
289.837744 -78.161682
291.097908 -78.154854
292.358072 -78.136307
293.618236 -78.122643
294.878400 -78.116783
296.138564 -78.108002
297.398729 -78.091408
298.658893 -78.080666
299.919057 -78.076767
301.179221 -78.066025
302.439385 -78.059196
303.699549 -78.065048
304.959713 -78.057243
306.219877 -78.050407
307.480041 -78.046509
308.740206 -78.048454
310.000370 -78.029915
311.260534 -78.034790
312.520698 -78.031868
313.780862 -78.014297
315.041026 -78.015274
316.301190 -78.011368
317.561354 -77.996727
318.821518 -77.995750
320.081682 -77.996727
321.341847 -77.987938
322.602011 -77.987938
323.862175 -77.993797
325.122339 -77.996727
326.382503 -77.988914
327.642667 -77.993797
328.902831 -77.979156
330.162995 -77.980133
331.423159 -77.981110
332.683323 -77.977203
333.943488 -77.973297
335.203652 -77.972321
336.463816 -77.973297
337.723980 -77.961586
338.984144 -77.957680
340.244308 -77.964516
341.504472 -77.955727
342.764636 -77.955727
344.024800 -77.968422
345.284965 -77.966469
346.545129 -77.968422
347.805293 -77.977203
349.065457 -77.970367
350.325621 -77.966469
351.585785 -77.964516
352.845949 -77.961586
354.106113 -77.957680
355.366277 -77.962563
356.626441 -77.950851
357.886606 -77.948898
359.146770 -77.950851
360.406934 -77.952805
361.667098 -77.947922
362.927262 -77.946945
364.187426 -77.962563
365.447590 -77.958656
366.707754 -77.954750
367.967918 -77.957680
369.228083 -77.961586
370.488247 -77.959633
371.748411 -77.958656
373.008575 -77.958656
374.268739 -77.954750
375.528903 -77.953781
376.789067 -77.953781
378.049231 -77.950851
379.309395 -77.947922
380.569559 -77.952805
381.829724 -77.950851
383.089888 -77.951828
384.350052 -77.957680
385.610216 -77.963539
386.870380 -77.958656
388.130544 -77.969398
389.390708 -77.962563
390.650872 -77.961586
391.911036 -77.964516
393.171200 -77.959633
394.431365 -77.961586
395.691529 -77.962563
396.951693 -77.961586
398.211857 -77.959633
