317
0.000000 -77.993843
1.260164 -78.004585
2.520328 -78.004585
3.780492 -77.998726
5.040656 -77.999702
6.300821 -77.995796
7.560985 -77.995796
8.821149 -77.999702
10.081313 -78.003609
11.341477 -78.001656
12.601641 -78.001656
13.861805 -77.991890
15.121969 -77.992867
16.382133 -77.988968
17.642297 -77.995796
18.902462 -78.001656
20.162626 -77.996773
21.422790 -78.005562
22.682954 -78.008484
23.943118 -77.997749
25.203282 -77.991890
26.463446 -77.994820
27.723610 -77.992867
28.983774 -77.997749
30.243938 -77.990921
31.504103 -77.997749
32.764267 -77.994820
34.024431 -77.997749
35.284595 -77.993843
36.544759 -77.995796
37.804923 -78.000679
39.065087 -78.003609
40.325251 -78.006531
41.585415 -78.012390
42.845580 -78.010437
44.105744 -78.010437
45.365908 -78.008484
46.626072 -78.003609
47.886236 -78.008484
49.146400 -78.009460
50.406564 -78.033867
51.666728 -78.312050
52.926892 -78.478958
54.187056 -78.612686
55.447221 -78.733719
56.707385 -78.844994
57.967549 -78.950409
59.227713 -79.038254
60.487877 -79.124153
61.748041 -79.210045
63.008205 -79.284225
64.268369 -79.341820
65.528533 -79.402336
66.788698 -79.459923
68.048862 -79.513611
69.309026 -79.563385
70.569190 -79.618050
71.829354 -79.663925
73.089518 -79.702965
74.349682 -79.740059
75.609846 -79.776176
76.870010 -79.814240
78.130174 -79.846451
79.390339 -79.875732
80.650503 -79.914780
81.910667 -79.939178
83.170831 -79.968460
84.430995 -79.985054
85.691159 -80.006531
86.951323 -80.028008
88.211487 -80.048500
89.471651 -80.071930
90.731815 -80.092422
91.991980 -80.104141
93.252144 -80.115852
94.512308 -80.129517
95.772472 -80.142204
97.032636 -80.159775
98.292800 -80.175392
99.552964 -80.187103
100.813128 -80.201744
102.073292 -80.205650
103.333457 -80.217361
104.593621 -80.216385
105.853785 -80.225174
107.113949 -80.229080
108.374113 -80.238838
109.634277 -80.242744
110.894441 -80.256409
112.154605 -80.263237
113.414769 -80.265190
114.674933 -80.271049
115.935098 -80.273979
117.195262 -80.286667
118.455426 -80.300331
119.715590 -80.299355
120.975754 -80.306190
122.235918 -80.315948
123.496082 -80.316925
124.756246 -80.313995
126.016410 -80.315948
127.276575 -80.319855
128.536739 -80.321808
129.796903 -80.322784
131.057067 -80.330589
132.317231 -80.332542
133.577395 -80.329613
134.837559 -80.331566
136.097723 -80.331566
137.357887 -80.336449
138.618051 -80.341324
139.878216 -80.348160
141.138380 -80.349136
142.398544 -80.358894
143.658708 -80.355972
144.918872 -80.348160
146.179036 -80.347183
147.439200 -80.352066
148.699364 -80.351089
149.959528 -80.357918
151.219692 -80.355972
152.479857 -80.354019
153.740021 -80.351089
155.000185 -80.349136
156.260349 -80.354996
157.520513 -80.357918
158.780677 -80.360847
160.040841 -80.355972
161.301005 -80.357918
162.561169 -80.368660
163.821334 -80.361824
165.081498 -80.358894
166.341662 -80.358894
167.601826 -80.355972
168.861990 -80.359871
170.122154 -80.356941
171.382318 -80.359871
172.642482 -80.366707
173.902646 -80.361824
175.162810 -80.358894
176.422975 -80.360847
177.683139 -80.361824
178.943303 -80.365730
180.203467 -80.363777
181.463631 -80.362801
182.723795 -80.369637
183.983959 -80.362801
185.244123 -80.360847
186.504287 -80.360847
187.764452 -80.359871
189.024616 -80.364754
190.284780 -80.359871
191.544944 -80.363777
192.805108 -80.362801
194.065272 -80.356941
195.325436 -80.354019
196.585600 -80.353043
197.845764 -80.361824
199.105928 -80.362801
200.366093 -80.363777
201.626257 -80.361824
202.886421 -80.371582
204.146585 -80.361824
205.406749 -80.357918
206.666913 -80.353043
207.927077 -80.354019
209.187241 -80.354019
210.447405 -80.356941
211.707569 -80.356941
212.967734 -80.354019
214.227898 -80.352066
215.488062 -80.350113
216.748226 -80.352066
218.008390 -80.354019
219.268554 -80.354996
220.528718 -80.356941
221.788882 -80.354996
223.049046 -80.357918
224.309211 -80.353043
225.569375 -80.348160
226.829539 -80.346207
228.089703 -80.346207
229.349867 -80.343277
230.610031 -80.344254
231.870195 -80.344254
233.130359 -80.339378
234.390523 -80.342300
235.650687 -80.342300
236.910852 -80.343277
238.171016 -80.343277
239.431180 -80.345230
240.691344 -80.349136
241.951508 -80.349136
243.211672 -80.352066
244.471836 -80.343277
245.732000 -80.333519
246.992164 -80.341324
248.252329 -80.341324
249.512493 -80.341324
250.772657 -80.342300
252.032821 -80.156845
253.292985 -79.929420
254.553149 -79.781052
255.813313 -79.653191
257.073477 -79.539963
258.333641 -79.443329
259.593805 -79.351578
260.853970 -79.259827
262.114134 -79.182716
263.374298 -79.106583
264.634462 -79.032402
265.894626 -78.963097
267.154790 -78.899651
268.414954 -78.840111
269.675118 -78.790329
270.935282 -78.748360
272.195446 -78.698578
273.455611 -78.654655
274.715775 -78.612686
275.975939 -78.572662
277.236103 -78.541428
278.496267 -78.507263
279.756431 -78.482864
281.016595 -78.451630
282.276759 -78.425278
283.536923 -78.397942
284.797088 -78.367683
286.057252 -78.343285
287.317416 -78.310097
288.577580 -78.295456
289.837744 -78.280815
291.097908 -78.262268
292.358072 -78.249580
293.618236 -78.228104
294.878400 -78.212486
296.138564 -78.199799
297.398729 -78.186134
298.658893 -78.180275
299.919057 -78.169540
301.179221 -78.161728
302.439385 -78.150017
303.699549 -78.141235
304.959713 -78.118782
306.219877 -78.115852
307.480041 -78.101212
308.740206 -78.093407
310.000370 -78.087547
311.260534 -78.082672
312.520698 -78.079742
313.780862 -78.069977
315.041026 -78.057289
316.301190 -78.056313
317.561354 -78.054359
318.821518 -78.048508
320.081682 -78.050461
321.341847 -78.042648
322.602011 -78.044601
323.862175 -78.033867
325.122339 -78.025078
326.382503 -78.015320
327.642667 -78.017273
328.902831 -78.013367
330.162995 -78.010437
331.423159 -78.006531
332.683323 -78.005562
333.943488 -77.997749
335.203652 -77.995796
336.463816 -77.997749
337.723980 -77.994820
338.984144 -77.996773
340.244308 -77.994820
341.504472 -77.993843
342.764636 -77.992867
344.024800 -77.986038
345.284965 -77.979202
346.545129 -77.972374
347.805293 -77.977249
349.065457 -77.974327
350.325621 -77.973351
351.585785 -77.970421
352.845949 -77.967491
354.106113 -77.962608
355.366277 -77.962608
356.626441 -77.966515
357.886606 -77.965538
359.146770 -77.965538
360.406934 -77.970421
361.667098 -77.965538
362.927262 -77.973351
364.187426 -77.960655
365.447590 -77.955780
366.707754 -77.951874
367.967918 -77.956757
369.228083 -77.957733
370.488247 -77.957733
371.748411 -77.954803
373.008575 -77.958710
374.268739 -77.951874
375.528903 -77.950897
376.789067 -77.958710
378.049231 -77.956757
379.309395 -77.960655
380.569559 -77.962608
381.829724 -77.968468
383.089888 -77.968468
384.350052 -77.961632
385.610216 -77.954803
386.870380 -77.954803
388.130544 -77.954803
389.390708 -77.961632
390.650872 -77.963585
391.911036 -77.964561
393.171200 -77.961632
394.431365 -77.956757
395.691529 -77.953827
396.951693 -77.963585
398.211857 -77.965538
