1 C   0.00000   0.00000   0.00000  6.000 
2 C   4.00000 -14.90000  -1.40000  7.000 
3 C   8.50000 -25.90000   2.20000  7.000 
4 C  13.50000 -37.30000   2.20000  7.000 
5 C  14.30000 -46.10000   2.20000  7.000 
6 C  14.30000 -51.80000   2.20000  7.000 
7 C  17.10000 -77.00000   2.20000  7.000 
8 C  17.10000 -79.60000   3.40000  8.000 
9 C  20.40000 -85.90000   3.40000  9.000 
10 B  21.80000 -88.30000   3.40000 25.000 
11 B  21.80000 -89.30000   3.40000 50.000 
12 B  23.50000 -90.30000   2.20000 76.000 
13 B  23.50000 -92.10000   2.20000 102.000 
14 B  23.50000 -94.30000  -0.10000 118.000 
15 B  23.50000 -99.80000   2.70000 119.000 
16 B  23.50000 -101.40000   0.10000 122.000 
17 C  23.50000 -104.50000   2.00000 120.000 
18 C  23.50000 -106.60000   2.00000 106.000 
19 C  24.20000 -110.60000   1.50000 73.000 
20 C  26.60000 -113.30000   1.50000 52.000 
21 C  28.80000 -116.80000   1.50000 34.000 
22 C  31.70000 -123.20000   2.80000 27.000 
23 C  34.30000 -127.40000   4.60000 28.000 
24 C  34.30000 -130.40000   4.60000 32.000 
25 B  34.30000 -134.00000   6.00000 32.000 
26 C  35.90000 -136.60000  -1.50000  7.000 
27 C  41.10000 -139.50000   1.70000  6.000 
28 C  49.10000 -142.20000   0.10000  7.000 
29 C  53.00000 -144.20000  -4.40000  8.000 
30 C  50.40000 -146.70000 -10.50000  9.000 
31 C  60.60000 -149.10000 -13.70000 11.000 
32 C  62.60000 -154.00000 -22.30000  8.000 
33 T  67.60000 -151.40000 -20.50000  8.000 
34 C  34.30000 -140.00000   6.00000 32.000 
35 C  36.00000 -150.70000   6.00000 25.000 
36 C  36.50000 -157.80000   4.30000 25.000 
37 B  37.80000 -165.80000   4.30000 29.000 
38 C  35.90000 -168.40000   2.30000  8.000 
39 C  36.70000 -174.00000   2.40000  8.000 
40 C  32.90000 -175.70000   2.40000 11.000 
41 C  29.00000 -175.70000   2.40000 11.000 
42 C  22.40000 -183.40000  -2.30000 11.000 
43 C  16.20000 -181.50000  -3.10000 11.000 
44 C  11.30000 -184.00000  -4.50000 11.000 
45 C   9.10000 -189.80000  -4.50000 11.000 
46 C   2.90000 -191.10000  -7.40000 12.000 
47 C  -2.20000 -189.20000  -7.40000 11.000 
48 C  -9.20000 -195.00000  -7.40000 11.000 
49 C -18.10000 -199.10000 -15.10000 12.000 
50 C -27.60000 -202.90000 -16.10000  9.000 
51 T -35.50000 -206.00000 -19.50000  9.000 
52 C  40.40000 -179.20000   5.70000 25.000 
53 C  38.90000 -188.70000   5.70000 29.000 
54 C  42.40000 -200.90000   5.70000 25.000 
55 C  42.40000 -205.50000   5.70000 23.000 
56 C  46.20000 -213.90000   5.70000 23.000 
57 C  45.80000 -223.60000   5.70000 24.000 
58 B  48.10000 -228.90000   5.70000 28.000 
59 C  43.10000 -233.40000   8.70000 12.000 
60 B  38.80000 -232.70000   6.40000 10.000 
61 C  35.40000 -226.70000   7.20000  7.000 
62 C  31.20000 -225.60000   7.20000  6.000 
63 C  29.10000 -222.90000   7.20000  5.000 
64 C  25.80000 -220.30000   6.60000  5.000 
65 C  22.90000 -220.30000   5.50000  5.000 
66 C  25.00000 -223.70000   2.00000  5.000 
67 C  19.60000 -224.20000  -0.80000  5.000 
68 C  19.60000 -225.60000  -4.60000  6.000 
69 C  14.80000 -220.60000  -2.10000  7.000 
70 C  12.60000 -225.10000  -7.50000  6.000 
71 C   9.20000 -222.00000 -10.00000  6.000 
72 T   8.00000 -220.90000  -7.30000  6.000 
73 C  34.50000 -233.60000   7.60000  6.000 
74 B  31.90000 -236.40000   6.00000  6.000 
75 C  29.50000 -234.20000  11.50000  5.000 
76 C  35.90000 -232.80000  10.30000  5.000 
77 T  43.20000 -237.70000  15.00000  5.000 
78 C  27.90000 -235.00000   6.00000  6.000 
79 C  23.50000 -233.70000   6.00000  6.000 
80 C  13.80000 -240.10000   5.60000  7.000 
81 C  10.00000 -239.60000   7.90000  6.000 
82 C  -2.80000 -244.20000   7.90000  6.000 
83 C  -3.50000 -248.10000  11.40000  6.000 
84 C  -8.00000 -247.60000   8.80000  5.000 
85 C -13.90000 -252.40000   6.30000  5.000 
86 C -18.30000 -251.10000   6.30000  5.000 
87 C -21.90000 -251.20000   9.50000  5.000 
88 C -25.70000 -250.10000   7.20000  5.000 
89 C -32.20000 -246.20000   7.10000  5.000 
90 C -41.80000 -251.80000   7.10000  5.000 
91 C -47.10000 -256.00000   5.60000  5.000 
92 C -57.00000 -256.00000   5.60000  5.000 
93 C -63.50000 -256.40000   5.60000  5.000 
94 C -71.00000 -262.90000   5.60000  4.000 
95 C -74.80000 -260.20000   5.60000  4.000 
96 C -82.80000 -258.30000   9.90000  4.000 
97 C -86.70000 -258.10000   9.90000  4.000 
98 C -102.30000 -252.10000   9.90000  4.000 
99 C -106.50000 -255.10000   9.90000  4.000 
100 T -113.30000 -252.60000   9.20000  4.000 
101 C  48.90000 -233.30000   7.70000 18.000 
102 C  50.70000 -244.10000   7.70000 21.000 
103 B  51.50000 -259.10000   3.70000 20.000 
104 C  55.30000 -255.50000  -4.10000 14.000 
105 B  52.70000 -255.40000  -7.10000  8.000 
106 C  48.40000 -260.50000  -7.10000  8.000 
107 C  41.40000 -261.10000  -7.10000  8.000 
108 C  41.40000 -266.50000 -12.40000  9.000 
109 C  36.00000 -265.40000 -12.40000  9.000 
110 C  30.30000 -268.30000 -15.80000  9.000 
111 C  23.10000 -269.20000 -16.50000  8.000 
112 T   8.20000 -276.10000 -15.60000  8.000 
113 B  46.90000 -251.10000  -2.80000 12.000 
114 C  38.50000 -251.10000  -2.80000 10.000 
115 C  35.80000 -251.10000  -5.30000 10.000 
116 C  34.00000 -249.90000 -11.40000 10.000 
117 C  25.90000 -255.20000 -13.60000  9.000 
118 C  18.80000 -251.40000 -13.60000  9.000 
119 T   2.70000 -257.40000 -18.60000  8.000 
120 C  42.30000 -240.00000  -2.80000  8.000 
121 C  41.50000 -232.20000  -2.80000  8.000 
122 C  36.90000 -221.80000  -3.30000  8.000 
123 C  38.50000 -215.60000  -3.30000  7.000 
124 B  30.50000 -206.20000  -4.90000  7.000 
125 C  28.80000 -204.90000  -9.10000  5.000 
126 C  26.60000 -203.70000  -9.10000  5.000 
127 C  25.20000 -197.30000  -9.10000  5.000 
128 C  23.00000 -199.70000 -11.90000  5.000 
129 T  23.80000 -193.90000 -11.20000  5.000 
130 C  28.50000 -201.60000  -4.90000  5.000 
131 C  22.60000 -193.20000  -4.90000  5.000 
132 C  15.90000 -185.30000  -4.90000  5.000 
133 C  12.40000 -173.10000  -4.90000  4.000 
134 C   7.50000 -165.30000  -4.90000  4.000 
135 C   7.50000 -160.00000  -9.10000  4.000 
136 C   2.10000 -150.50000  -9.10000  4.000 
137 C   2.10000 -140.00000  -5.70000  4.000 
138 T  -9.00000 -130.50000  -5.70000  4.000 
139 C  52.10000 -267.60000   4.70000 24.000 
140 B  52.90000 -274.40000   4.90000 24.000 
141 C  54.10000 -268.80000   5.40000 12.000 
142 C  57.20000 -264.90000   8.60000  8.000 
143 C  57.20000 -256.10000  13.20000  7.000 
144 C  54.40000 -256.10000  15.20000  7.000 
145 C  54.60000 -250.90000  15.20000  7.000 
146 C  57.40000 -250.20000  15.20000  6.000 
147 C  54.30000 -243.40000  15.20000  4.000 
148 T  54.30000 -238.00000  15.20000  4.000 
149 B  55.30000 -280.90000   6.40000 24.000 
150 B  60.70000 -279.00000   8.20000  9.000 
151 C  70.30000 -283.50000   8.20000  6.000 
152 C  84.30000 -280.30000   5.70000  6.000 
153 C  98.30000 -269.30000   4.50000  7.000 
154 C 108.40000 -255.70000   5.60000  7.000 
155 C 117.50000 -257.90000   5.60000  6.000 
156 C 120.00000 -255.60000   0.40000  6.000 
157 C 121.30000 -252.50000   0.40000  6.000 
158 C 131.50000 -244.50000   0.40000  6.000 
159 C 134.90000 -241.20000   0.40000  6.000 
160 C 147.60000 -237.20000  -2.40000  6.000 
161 C 151.80000 -231.00000  -2.40000  6.000 
162 C 156.00000 -230.50000  -2.40000  5.000 
163 C 157.00000 -227.10000  -2.40000  5.000 
164 C 160.20000 -226.90000  -2.40000  5.000 
165 C 161.10000 -220.10000  -2.40000  5.000 
166 C 166.10000 -219.80000  -2.40000  5.000 
167 C 167.30000 -215.30000  -5.40000  5.000 
168 C 168.60000 -215.30000  -5.40000  5.000 
169 C 172.80000 -210.30000  -7.50000  5.000 
170 C 176.60000 -208.60000  -7.50000  4.000 
171 C 178.00000 -203.40000  -7.50000  5.000 
172 C 183.30000 -203.40000 -11.50000  4.000 
173 C 187.40000 -199.00000 -11.50000  4.000 
174 C 190.40000 -197.40000 -11.50000  4.000 
175 T 190.40000 -195.80000 -11.50000  4.000 
176 C  66.20000 -279.20000   8.20000  7.000 
177 C  69.90000 -275.60000   9.10000  7.000 
178 C  75.50000 -275.20000   9.10000  7.000 
179 C  77.80000 -271.00000   9.90000  7.000 
180 C  84.00000 -269.30000   9.90000  7.000 
181 C  85.80000 -267.20000   9.90000  7.000 
182 C  91.60000 -265.80000   9.90000  7.000 
183 C  97.40000 -262.30000  11.40000  7.000 
184 C  99.90000 -259.80000  11.40000  7.000 
185 C 106.30000 -258.70000  12.80000  6.000 
186 B 112.50000 -252.50000  13.70000  6.000 
187 T 115.60000 -251.70000  13.70000  5.000 
188 C 116.00000 -249.50000  13.70000  5.000 
189 C 117.10000 -237.80000  13.70000  4.000 
190 C 126.20000 -235.60000  17.60000  4.000 
191 T 128.70000 -229.20000  15.50000  4.000 
192 C  61.10000 -292.40000   6.70000 22.000 
193 C  64.80000 -303.00000   6.70000 23.000 
194 C  65.50000 -322.30000   7.60000 23.000 
195 C  64.30000 -333.30000   4.60000 24.000 
196 B  70.60000 -350.80000  13.70000 20.000 
197 C  67.40000 -351.30000  13.70000  6.000 
198 C  62.40000 -351.30000  16.40000  6.000 
199 C  54.70000 -355.60000  16.40000  6.000 
200 C  50.20000 -360.00000  16.40000  6.000 
201 C  44.80000 -358.80000  16.40000  6.000 
202 C  39.20000 -355.20000  18.40000  5.000 
203 C  33.00000 -358.70000  18.40000  5.000 
204 C  23.00000 -360.10000  17.90000  3.000 
205 C  14.40000 -351.90000  17.90000  3.000 
206 T  21.20000 -366.80000  17.90000  3.000 
207 C  73.30000 -363.10000  13.70000 23.000 
208 C  74.20000 -371.20000  13.70000 24.000 
209 C  77.00000 -392.70000  17.20000 25.000 
210 C  79.00000 -398.50000  17.20000 21.000 
211 C  80.20000 -407.10000  17.20000 21.000 
212 C  82.20000 -413.10000  17.20000 21.000 
213 C  85.30000 -420.40000  17.20000 19.000 
214 C  87.30000 -429.00000  16.70000 19.000 
215 C  89.50000 -438.90000  16.70000 21.000 
216 C  91.00000 -445.30000  16.70000 18.000 
217 C  91.90000 -448.70000  16.90000 15.000 
218 C  94.60000 -459.90000  18.40000 19.000 
219 C  96.10000 -470.40000  19.30000 19.000 
220 C  94.50000 -480.20000  19.30000 18.000 
221 C  96.10000 -490.10000  18.10000 19.000 
222 C  97.70000 -498.50000  17.70000 17.000 
223 C  99.90000 -510.00000  17.70000 19.000 
224 C 102.20000 -517.90000  17.70000 19.000 
225 C 104.30000 -531.50000  17.70000 18.000 
226 C 105.40000 -540.90000  15.90000 18.000 
227 C 106.50000 -547.60000  15.90000 16.000 
228 C 106.50000 -549.80000  15.90000 17.000 
229 C 108.90000 -559.60000  15.90000 21.000 
230 C 109.40000 -569.20000  15.90000 19.000 
231 C 111.80000 -574.70000  15.90000 16.000 
232 C 110.40000 -580.20000  15.90000 15.000 
233 C 112.10000 -589.00000  15.90000 19.000 
234 C 114.30000 -598.50000  16.30000 18.000 
235 B 114.30000 -604.80000  18.40000 20.000 
236 C 107.20000 -611.80000  18.40000 12.000 
237 C 107.20000 -615.40000  18.40000 12.000 
238 C 106.40000 -620.60000  18.40000 11.000 
239 C 100.70000 -631.40000  18.40000 12.000 
240 C 101.50000 -640.60000  20.80000 12.000 
241 C 101.50000 -645.80000  20.80000 12.000 
242 C 100.60000 -653.50000  18.70000 10.000 
243 C  95.80000 -672.80000  20.60000 10.000 
244 C  94.20000 -681.30000  23.40000  7.000 
245 C  90.20000 -696.10000  20.50000  8.000 
246 C  89.00000 -711.40000  23.40000 11.000 
247 B  88.20000 -718.20000  22.20000 11.000 
248 C  83.40000 -718.10000  21.30000  6.000 
249 C  76.40000 -722.60000  21.30000  6.000 
250 C  74.80000 -729.50000  16.50000  6.000 
251 C  71.30000 -729.30000  16.50000  6.000 
252 C  66.60000 -729.50000  17.80000  6.000 
253 C  61.00000 -729.70000  17.80000  6.000 
254 C  57.60000 -733.40000  15.10000  6.000 
255 C  55.20000 -728.50000  14.20000  5.000 
256 C  52.90000 -742.70000   7.70000  5.000 
257 C  49.90000 -742.10000   7.70000  5.000 
258 T  46.70000 -746.80000   8.00000  4.000 
259 C  90.70000 -737.40000  22.20000 10.000 
260 C  93.20000 -749.70000  24.40000  9.000 
261 C  93.20000 -752.70000  24.40000  9.000 
262 C  95.30000 -763.60000  24.40000  7.000 
263 C  92.90000 -771.00000  24.40000  9.000 
264 C  94.60000 -782.00000  24.40000  8.000 
265 C  92.50000 -792.60000  24.60000  7.000 
266 C  94.00000 -802.50000  26.60000  7.000 
267 C  93.40000 -817.10000  26.60000  7.000 
268 C  93.40000 -826.90000  21.10000  7.000 
269 C  94.00000 -839.50000  20.20000  7.000 
270 C  95.70000 -853.20000  18.80000  7.000 
271 C  95.70000 -862.70000  18.80000  7.000 
272 C  96.00000 -865.30000  18.80000  7.000 
273 C  98.50000 -882.90000  15.90000  7.000 
274 C  99.40000 -892.50000  17.50000  7.000 
275 C  99.40000 -904.00000  14.80000  7.000 
276 C  99.40000 -922.50000  14.20000  7.000 
277 C  99.50000 -930.50000  15.10000  7.000 
278 C 101.20000 -943.10000  13.40000  7.000 
279 B 102.90000 -960.30000  13.70000  7.000 
280 C 102.90000 -971.20000  14.50000  5.000 
281 C 102.90000 -976.00000  12.80000  5.000 
282 C 100.20000 -979.40000  11.10000  5.000 
283 C 101.90000 -986.30000   7.90000  6.000 
284 C  98.40000 -990.70000   4.90000  6.000 
285 C 100.20000 -995.00000   5.10000  5.000 
286 C  97.90000 -998.60000   1.90000  5.000 
287 C 100.80000 -1004.60000  -1.30000  5.000 
288 C  94.10000 -1013.90000  -1.30000  7.000 
289 B  93.00000 -1018.00000  -2.60000  7.000 
290 C  86.70000 -1018.90000  -3.00000  5.000 
291 C  81.90000 -1023.50000  -1.70000  5.000 
292 C  81.90000 -1025.80000  -1.70000  5.000 
293 C  77.10000 -1028.00000   3.30000  5.000 
294 C  73.60000 -1032.70000   4.00000  5.000 
295 C  69.60000 -1038.60000   4.00000  5.000 
296 C  66.70000 -1044.20000   4.00000  5.000 
297 C  63.70000 -1052.90000   4.00000  5.000 
298 C  60.30000 -1057.20000   4.00000  5.000 
299 C  56.60000 -1069.20000   4.00000  5.000 
300 C  51.40000 -1074.50000   4.00000  5.000 
301 C  51.40000 -1082.40000   4.00000  5.000 
302 C  45.90000 -1093.90000   8.20000  6.000 
303 C  41.10000 -1099.10000   6.30000  5.000 
304 C  39.80000 -1102.60000   6.30000  5.000 
305 C  30.10000 -1112.70000   6.30000  5.000 
306 C  23.50000 -1115.50000   6.30000  5.000 
307 C  15.10000 -1119.50000   6.30000  5.000 
308 C  13.80000 -1123.40000   6.30000  5.000 
309 C  10.20000 -1124.30000   6.30000  5.000 
310 C   3.30000 -1128.10000   4.80000  5.000 
311 B  -1.10000 -1135.30000   2.70000  5.000 
312 B -17.50000 -1140.50000   2.70000  5.000 
313 C -27.10000 -1143.00000   0.60000  4.000 
314 C -33.30000 -1148.20000   0.60000  4.000 
315 C -39.30000 -1148.20000   0.60000  4.000 
316 C -49.50000 -1153.00000  -1.00000  4.000 
317 T -57.80000 -1154.70000   1.60000  3.000 
318 C -29.50000 -1154.30000   2.70000  4.000 
319 C -37.80000 -1162.80000   2.70000  4.000 
320 T -46.70000 -1174.50000   3.70000  4.000 
321 C   2.00000 -1159.30000  -0.70000  4.000 
322 C   5.70000 -1166.90000  -2.60000  4.000 
323 C   5.70000 -1168.20000  -9.00000  4.000 
324 C   7.70000 -1168.20000  -9.00000  4.000 
325 C  11.20000 -1169.50000 -14.40000  4.000 
326 C   6.30000 -1169.40000 -10.80000  4.000 
327 C   1.60000 -1171.30000 -10.70000  4.000 
328 T  -1.90000 -1173.10000 -14.10000  4.000 
329 C  91.00000 -1027.20000  -5.90000  5.000 
330 C  87.70000 -1038.20000  -5.90000  5.000 
331 B  87.70000 -1045.50000  -3.00000  5.000 
332 C  87.70000 -1059.70000   6.60000  4.000 
333 C  85.30000 -1064.10000   8.10000  4.000 
334 C  87.10000 -1069.60000   8.10000  4.000 
335 C  82.40000 -1075.30000   8.40000  4.000 
336 C  81.50000 -1081.90000   8.40000  4.000 
337 C  78.10000 -1085.30000  13.70000  4.000 
338 C  78.10000 -1085.30000  13.80000  5.000 
339 C  76.20000 -1092.70000  13.70000  5.000 
340 C  69.50000 -1094.10000  13.70000  4.000 
341 C  57.40000 -1110.40000  13.70000  4.000 
342 C  52.60000 -1120.30000  13.70000  4.000 
343 C  51.50000 -1128.30000  13.70000  4.000 
344 C  46.80000 -1128.30000  16.00000  4.000 
345 C  46.40000 -1132.10000  16.00000  4.000 
346 C  39.60000 -1132.10000  16.00000  4.000 
347 C  36.90000 -1135.70000  16.00000  4.000 
348 C  33.80000 -1139.50000  16.00000  4.000 
349 C  31.50000 -1141.60000  16.00000  4.000 
350 C  31.50000 -1145.10000  16.00000  4.000 
351 C  30.70000 -1146.50000  16.00000  4.000 
352 C  30.70000 -1150.50000  16.00000  4.000 
353 C  27.90000 -1151.20000  16.00000  4.000 
354 C  27.90000 -1156.50000  16.00000  4.000 
355 T  26.00000 -1164.80000  14.40000  3.000 
356 C  90.80000 -1051.60000   1.80000  5.000 
357 C  90.80000 -1061.10000   5.50000  5.000 
358 C  92.90000 -1071.30000   8.80000  5.000 
359 C  89.00000 -1076.70000   6.60000  5.000 
360 C  89.00000 -1084.40000  10.10000  5.000 
361 C  89.00000 -1088.20000  13.00000  5.000 
362 C  88.60000 -1088.20000  13.00000  5.000 
363 C  88.60000 -1093.70000  13.00000  5.000 
364 C  86.60000 -1094.80000  13.00000  5.000 
365 C  89.10000 -1096.30000  14.80000  5.000 
366 C  89.10000 -1098.90000  14.80000  5.000 
367 C  87.20000 -1103.50000  14.80000  5.000 
368 C  87.20000 -1112.30000  14.40000  3.000 
369 C  87.20000 -1120.20000  15.50000  3.000 
370 C  92.10000 -1129.80000  18.90000  5.000 
371 C  93.80000 -1135.50000  25.80000  3.000 
372 T  93.80000 -1147.80000  29.80000  3.000 
373 C 107.60000 -963.40000  13.70000  3.000 
374 C 109.80000 -969.60000  13.70000  4.000 
375 C 114.60000 -979.30000  13.70000  4.000 
376 C 126.20000 -998.30000  13.70000  4.000 
377 C 134.00000 -1013.30000  15.60000  3.000 
378 C 139.30000 -1027.50000  15.60000  3.000 
379 C 149.20000 -1043.80000  12.20000  3.000 
380 C 158.00000 -1057.80000  12.20000  3.000 
381 B 165.90000 -1072.90000  10.20000  5.000 
382 C 177.40000 -1088.60000   6.00000  3.000 
383 C 189.30000 -1100.40000   3.40000  3.000 
384 C 199.00000 -1107.10000   3.40000  3.000 
385 C 201.20000 -1111.50000   3.40000  3.000 
386 C 219.60000 -1123.70000  -0.90000  3.000 
387 B 223.60000 -1123.30000  -0.90000  4.000 
388 C 228.30000 -1128.70000  -1.00000  3.000 
389 C 231.70000 -1124.30000  -1.00000  3.000 
390 C 235.10000 -1127.80000  -6.70000  3.000 
391 C 236.20000 -1131.60000  -6.70000  3.000 
392 C 241.10000 -1128.80000 -11.30000  3.000 
393 C 244.80000 -1127.50000 -11.30000  3.000 
394 C 246.00000 -1129.10000 -11.30000  4.000 
395 C 250.60000 -1124.50000 -11.30000  3.000 
396 T 250.60000 -1123.00000 -11.30000  3.000 
397 C 223.60000 -1118.10000  -1.60000  3.000 
398 C 228.30000 -1116.10000  -1.60000  3.000 
399 C 231.30000 -1116.30000  -8.60000  3.000 
400 C 231.30000 -1118.60000 -10.70000  3.000 
401 C 242.90000 -1118.60000 -14.00000  3.000 
402 C 241.60000 -1115.70000 -14.00000  3.000 
403 C 250.90000 -1111.70000 -15.20000  3.000 
404 T 251.50000 -1112.50000 -18.60000  3.000 
405 C 170.40000 -1080.60000   3.70000  3.000 
406 C 172.30000 -1082.60000   1.00000  3.000 
407 C 172.30000 -1088.10000  -1.70000  3.000 
408 C 175.90000 -1090.40000  -1.70000  3.000 
409 C 175.90000 -1092.70000  -4.50000  3.000 
410 C 177.90000 -1095.20000  -6.50000  3.000 
411 C 180.30000 -1102.50000  -8.50000  3.000 
412 C 177.80000 -1109.40000 -17.30000  3.000 
413 C 185.30000 -1113.10000 -17.90000  3.000 
414 C 186.50000 -1123.00000 -24.70000  3.000 
415 C 187.10000 -1132.80000 -27.40000  3.000 
416 B 192.20000 -1140.70000 -30.30000  3.000 
417 C 192.20000 -1142.70000 -30.30000  3.000 
418 T 195.40000 -1149.30000 -30.30000  3.000 
419 T 196.80000 -1143.00000 -30.30000  3.000 
420 C 117.20000 -610.50000  18.40000 18.000 
421 C 119.10000 -623.50000  14.40000 17.000 
422 C 123.70000 -637.90000  14.40000 16.000 
423 C 126.00000 -652.20000  14.40000 17.000 
424 C 130.60000 -669.10000  14.40000 17.000 
425 C 133.30000 -685.50000  14.40000 16.000 
426 C 138.80000 -709.70000  14.40000 15.000 
427 C 142.90000 -723.30000  14.20000 15.000 
428 C 145.50000 -738.10000  18.20000 15.000 
429 B 155.20000 -765.00000  14.40000 15.000 
430 C 159.40000 -780.10000  14.40000 10.000 
431 B 164.00000 -794.70000  12.30000 13.000 
432 C 161.60000 -800.10000  15.40000  7.000 
433 C 161.60000 -814.00000  15.40000  7.000 
434 C 161.60000 -830.30000  15.40000  7.000 
435 C 164.20000 -844.30000  15.40000  6.000 
436 C 164.20000 -868.20000  12.30000  6.000 
437 C 166.50000 -890.50000  12.30000  6.000 
438 B 166.50000 -902.90000  12.30000  8.000 
439 C 165.20000 -911.40000  10.30000  5.000 
440 C 162.70000 -924.20000  10.30000  5.000 
441 C 161.80000 -942.70000   7.80000  5.000 
442 C 161.40000 -960.80000   7.80000  5.000 
443 C 161.30000 -974.90000   6.70000  5.000 
444 C 158.50000 -977.70000   6.70000  5.000 
445 C 157.70000 -980.90000   6.70000  5.000 
446 C 156.20000 -983.50000   6.70000  5.000 
447 C 157.00000 -985.30000   6.70000  5.000 
448 C 154.80000 -991.50000   1.20000  5.000 
449 C 149.30000 -994.50000   1.20000  5.000 
450 C 149.30000 -997.80000   1.20000  5.000 
451 C 146.60000 -999.60000  -5.40000  5.000 
452 C 143.70000 -1008.40000  -5.40000  5.000 
453 C 143.70000 -1017.90000  -8.30000  5.000 
454 C 139.60000 -1021.30000 -11.50000  5.000 
455 C 139.60000 -1024.20000 -11.50000  5.000 
456 B 137.80000 -1027.90000 -14.70000  5.000 
457 C 136.10000 -1030.10000 -14.70000  4.000 
458 C 134.50000 -1030.10000 -15.70000  4.000 
459 C 134.50000 -1033.50000 -18.70000  4.000 
460 C 126.80000 -1042.00000 -20.50000  4.000 
461 C 117.50000 -1052.40000 -23.10000  4.000 
462 C 106.50000 -1068.30000 -30.10000  4.000 
463 C  97.30000 -1083.60000 -32.20000  4.000 
464 C  94.10000 -1087.70000 -32.20000  4.000 
465 C  94.00000 -1091.00000 -32.20000  4.000 
466 C  90.60000 -1091.60000 -32.20000  4.000 
467 C  82.90000 -1105.30000 -32.20000  4.000 
468 C  82.10000 -1105.90000 -32.20000  4.000 
469 C  82.10000 -1109.20000 -32.20000  4.000 
470 C  73.40000 -1120.70000 -31.70000  4.000 
471 C  60.10000 -1132.50000 -29.40000  4.000 
472 C  55.70000 -1135.10000 -29.40000  4.000 
473 C  50.90000 -1147.00000 -28.60000  3.000 
474 T  45.30000 -1150.20000 -28.60000  3.000 
475 C 137.80000 -1035.40000 -11.80000  4.000 
476 C 136.80000 -1039.20000 -15.70000  4.000 
477 C 134.30000 -1047.20000 -15.70000  4.000 
478 C 132.20000 -1057.60000 -18.40000  4.000 
479 C 134.00000 -1059.40000 -18.40000  4.000 
480 C 130.80000 -1060.90000 -20.50000  4.000 
481 C 130.60000 -1074.90000 -20.30000  3.000 
482 C 127.90000 -1092.10000 -23.60000  3.000 
483 C 119.80000 -1110.90000 -23.60000  3.000 
484 C 113.80000 -1123.40000 -26.30000  3.000 
485 C 110.80000 -1140.20000 -28.10000  3.000 
486 C 108.20000 -1161.90000 -30.80000  3.000 
487 C 105.40000 -1166.40000 -30.80000  3.000 
488 T 103.00000 -1167.40000 -30.80000  3.000 
489 C 169.60000 -906.00000  12.30000  4.000 
490 C 170.50000 -908.90000  10.10000  4.000 
491 C 172.50000 -927.70000   6.10000  4.000 
492 C 175.80000 -942.60000   4.50000  4.000 
493 C 178.30000 -947.20000   4.50000  4.000 
494 C 179.50000 -959.70000   0.70000  4.000 
495 C 183.20000 -966.50000   2.00000  4.000 
496 C 192.50000 -975.10000  -1.90000  4.000 
497 C 193.10000 -979.10000  -3.40000  3.000 
498 C 191.10000 -980.90000  -3.40000  3.000 
499 C 189.80000 -992.00000  -5.50000  3.000 
500 C 192.20000 -1000.30000  -8.40000  3.000 
501 C 190.70000 -1004.10000  -8.40000  3.000 
502 C 193.60000 -1008.50000 -12.00000  3.000 
503 C 190.90000 -1012.80000 -12.00000  3.000 
504 C 192.90000 -1020.90000 -12.00000  3.000 
505 C 191.30000 -1025.90000 -16.20000  3.000 
506 C 193.80000 -1029.20000 -13.90000  3.000 
507 C 194.00000 -1046.60000 -18.40000  3.000 
508 C 192.80000 -1048.30000 -18.40000  3.000 
509 C 194.60000 -1053.30000 -18.40000  3.000 
510 C 194.60000 -1054.00000 -18.40000  3.000 
511 C 194.10000 -1062.20000 -24.10000  3.000 
512 C 193.40000 -1064.60000 -23.30000  3.000 
513 C 196.30000 -1066.70000 -23.30000  3.000 
514 C 196.30000 -1078.30000 -32.30000  3.000 
515 C 194.30000 -1093.70000 -45.50000  3.000 
516 B 195.10000 -1116.30000 -48.00000  3.000 
517 C 189.80000 -1123.60000 -52.90000  3.000 
518 T 183.80000 -1131.90000 -48.80000  3.000 
519 C 200.40000 -1126.00000 -61.40000  3.000 
520 T 201.20000 -1141.80000 -65.40000  3.000 
521 C 166.90000 -799.30000  12.50000  7.000 
522 C 174.80000 -811.40000   6.10000  7.000 
523 C 176.90000 -818.20000   6.10000  7.000 
524 C 187.20000 -839.40000   8.60000  7.000 
525 C 198.50000 -857.10000   6.60000  7.000 
526 C 202.20000 -864.40000   8.90000  7.000 
527 C 204.60000 -866.80000   8.90000  7.000 
528 C 213.20000 -893.40000   5.20000  7.000 
529 C 214.60000 -902.10000   5.20000  7.000 
530 C 217.90000 -908.00000   5.20000  7.000 
531 C 218.60000 -909.90000   5.20000  7.000 
532 C 220.00000 -921.10000   4.20000  7.000 
533 B 224.60000 -933.10000   8.80000  4.000 
534 B 224.80000 -933.40000   8.80000  4.000 
535 T 219.40000 -933.90000   8.80000  3.000 
536 C 227.40000 -936.00000   8.80000  4.000 
537 C 233.30000 -950.70000   8.80000  4.000 
538 C 247.80000 -966.10000   6.60000  3.000 
539 C 257.50000 -983.10000   5.00000  3.000 
540 C 265.40000 -998.60000   2.20000  3.000 
541 C 267.00000 -1007.10000   2.20000  3.000 
542 C 275.90000 -1013.60000   2.20000  3.000 
543 C 282.20000 -1025.40000   0.10000  3.000 
544 C 301.20000 -1047.30000   0.10000  3.000 
545 C 305.00000 -1048.90000   0.10000  3.000 
546 C 310.10000 -1057.00000   1.50000  3.000 
547 C 317.80000 -1057.00000   1.50000  3.000 
548 C 334.50000 -1063.60000   1.50000  3.000 
549 C 338.60000 -1068.00000   1.50000  3.000 
550 C 349.60000 -1073.10000   1.50000  3.000 
551 C 366.20000 -1088.00000   1.50000  3.000 
552 B 373.80000 -1097.10000   1.40000  3.000 
553 C 373.80000 -1101.90000   4.30000  3.000 
554 C 380.10000 -1099.00000   5.20000  3.000 
555 C 378.60000 -1102.00000   5.20000  3.000 
556 C 389.90000 -1107.50000  10.90000  3.000 
557 T 399.20000 -1115.10000  13.90000  2.000 
558 C 378.20000 -1102.50000  -1.00000  3.000 
559 C 381.40000 -1106.30000  -1.00000  3.000 
560 C 398.30000 -1111.20000  -4.60000  3.000 
561 C 400.20000 -1112.30000  -4.60000  3.000 
562 C 408.20000 -1115.30000  -4.60000  3.000 
563 C 412.00000 -1113.70000  -4.60000  3.000 
564 C 416.20000 -1116.30000  -8.20000  3.000 
565 C 425.60000 -1113.30000  -8.20000  2.000 
566 T 427.40000 -1113.30000  -8.20000  2.000 
567 C 228.20000 -938.10000   4.20000  5.000 
568 C 228.20000 -946.60000   2.20000  5.000 
569 C 233.70000 -963.90000  -1.50000  5.000 
570 C 240.20000 -972.10000  -4.70000  5.000 
571 C 242.30000 -972.10000  -4.70000  5.000 
572 C 243.20000 -974.70000  -4.70000  5.000 
573 C 242.10000 -980.00000  -6.50000  5.000 
574 C 249.60000 -988.00000 -10.20000  3.000 
575 C 250.20000 -992.20000  -9.90000  5.000 
576 C 254.40000 -997.60000 -16.10000  5.000 
577 C 254.50000 -1001.50000 -16.10000  5.000 
578 C 261.00000 -1003.60000 -18.90000  5.000 
579 C 263.30000 -1010.10000 -22.40000  4.000 
580 C 269.10000 -1013.80000 -21.50000  4.000 
581 C 269.10000 -1017.30000 -27.30000  4.000 
582 C 273.00000 -1018.20000 -27.30000  4.000 
583 B 276.30000 -1027.60000 -27.60000  4.000 
584 C 278.30000 -1025.30000 -27.60000  3.000 
585 B 281.40000 -1030.90000 -35.60000  4.000 
586 C 281.40000 -1033.30000 -32.80000  3.000 
587 C 284.20000 -1034.80000 -32.80000  3.000 
588 C 287.80000 -1042.60000 -32.80000  3.000 
589 C 291.20000 -1045.20000 -32.80000  3.000 
590 C 291.80000 -1047.20000 -36.70000  3.000 
591 B 304.40000 -1054.20000 -38.90000  3.000 
592 C 304.90000 -1068.20000 -34.60000  3.000 
593 C 309.70000 -1082.50000 -34.60000  3.000 
594 C 312.90000 -1100.40000 -34.60000  3.000 
595 C 318.70000 -1115.40000 -34.60000  3.000 
596 C 318.80000 -1123.40000 -29.40000  3.000 
597 C 316.30000 -1131.90000 -29.40000  3.000 
598 C 312.90000 -1137.90000 -32.90000  3.000 
599 C 310.80000 -1142.50000 -39.90000  3.000 
600 C 297.70000 -1144.70000 -43.00000  2.000 
601 T 277.90000 -1146.70000 -43.00000  2.000 
602 C 305.60000 -1057.60000 -41.20000  3.000 
603 C 310.90000 -1062.00000 -41.20000  3.000 
604 C 314.00000 -1072.40000 -42.60000  3.000 
605 C 320.10000 -1083.80000 -43.30000  3.000 
606 C 324.20000 -1098.60000 -43.30000  3.000 
607 C 325.40000 -1103.70000 -41.80000  3.000 
608 C 331.70000 -1114.90000 -41.80000  3.000 
609 C 338.30000 -1131.80000 -53.20000  3.000 
610 T 345.90000 -1130.80000 -53.20000  2.000 
611 C 279.50000 -1032.60000 -39.30000  3.000 
612 C 285.50000 -1027.70000 -41.30000  3.000 
613 C 287.70000 -1030.80000 -43.20000  3.000 
614 C 302.70000 -1030.60000 -47.10000  3.000 
615 C 312.80000 -1040.40000 -51.10000  3.000 
616 C 327.60000 -1051.70000 -62.50000  3.000 
617 C 327.40000 -1052.70000 -62.50000  3.000 
618 C 333.60000 -1052.70000 -62.50000  3.000 
619 C 344.80000 -1057.80000 -68.00000  3.000 
620 C 350.60000 -1054.50000 -72.90000  3.000 
621 C 358.50000 -1067.40000 -82.30000  0.000 
622 C 369.90000 -1081.40000 -92.20000  3.000 
623 C 382.10000 -1085.70000 -96.10000  3.000 
624 T 391.80000 -1089.10000 -100.30000  3.000 
625 C 291.00000 -1034.40000 -27.30000  3.000 
626 C 293.60000 -1037.00000 -27.30000  3.000 
627 C 298.80000 -1033.70000 -27.30000  3.000 
628 C 315.40000 -1022.00000 -27.30000  3.000 
629 C 320.60000 -1026.50000 -27.30000  3.000 
630 C 340.30000 -1026.80000 -29.20000  3.000 
631 C 348.90000 -1029.00000 -23.90000  3.000 
632 C 350.50000 -1031.90000 -23.90000  3.000 
633 C 359.40000 -1027.50000 -23.90000  3.000 
634 C 371.30000 -1032.90000 -24.20000  3.000 
635 C 394.30000 -1039.10000 -18.70000  3.000 
636 C 397.30000 -1038.10000 -18.70000  3.000 
637 C 399.80000 -1043.30000 -21.80000  3.000 
638 C 402.30000 -1043.30000 -21.80000  3.000 
639 C 408.50000 -1039.10000 -21.80000  3.000 
640 C 423.90000 -1044.50000 -21.80000  3.000 
641 C 443.50000 -1050.70000 -18.70000  3.000 
642 C 449.80000 -1054.30000 -18.70000  2.000 
643 C 451.20000 -1051.10000 -18.70000  2.000 
644 T 453.30000 -1052.00000 -15.70000  2.000 
645 C 158.20000 -769.30000  14.40000  8.000 
646 C 159.60000 -777.20000  17.70000  8.000 
647 C 171.70000 -807.50000  17.70000  8.000 
648 C 176.20000 -812.30000  17.70000  8.000 
649 B 180.50000 -821.20000  19.30000  8.000 
650 C 183.50000 -828.10000  19.30000  6.000 
651 C 186.40000 -835.60000  21.30000  5.000 
652 C 191.90000 -840.20000  23.10000  4.000 
653 C 192.40000 -846.50000  23.10000  4.000 
654 C 198.20000 -854.50000  23.80000  3.000 
655 B 200.70000 -863.80000  23.60000  3.000 
656 C 201.20000 -874.70000  23.30000  3.000 
657 C 201.50000 -886.00000  23.30000  3.000 
658 C 200.60000 -887.30000  23.30000  3.000 
659 C 203.90000 -890.60000  23.30000  3.000 
660 C 206.80000 -901.10000  27.40000  3.000 
661 T 208.90000 -916.80000  27.20000  2.000 
662 C 203.00000 -861.20000  22.80000  4.000 
663 C 204.20000 -863.40000  22.80000  4.000 
664 C 203.50000 -867.50000  22.80000  4.000 
665 C 211.70000 -866.30000  22.80000  4.000 
666 T 220.50000 -863.60000  26.70000  4.000 
667 C 183.30000 -823.00000  19.30000  7.000 
668 C 189.50000 -831.70000  19.30000  7.000 
669 C 196.40000 -840.50000  19.30000  5.000 
670 C 209.00000 -848.40000  23.80000  5.000 
671 C 215.50000 -861.40000  18.60000  5.000 
672 C 221.30000 -867.10000  18.60000  5.000 
673 C 227.00000 -879.50000  20.00000  5.000 
674 C 234.70000 -887.40000  17.40000  5.000 
675 C 242.00000 -905.10000  21.00000  5.000 
676 C 247.50000 -924.70000  22.60000  4.000 
677 B 248.50000 -929.30000  20.30000  4.000 
678 C 247.10000 -932.00000  17.50000  3.000 
679 C 253.10000 -937.80000  16.40000  3.000 
680 C 253.40000 -946.60000  14.70000  3.000 
681 C 264.40000 -957.10000   9.70000  3.000 
682 B 269.50000 -965.10000   8.90000  3.000 
683 C 272.10000 -969.20000   8.90000  3.000 
684 C 270.60000 -972.50000   8.90000  3.000 
685 C 275.10000 -973.00000   3.70000  3.000 
686 C 275.10000 -976.80000   1.00000  3.000 
687 C 279.70000 -986.60000  -2.20000  3.000 
688 C 283.90000 -986.50000  -5.10000  3.000 
689 C 285.60000 -991.60000  -5.10000  3.000 
690 B 288.90000 -994.00000  -7.60000  3.000 
691 C 290.50000 -997.90000  -7.60000  2.000 
692 C 294.10000 -1009.40000 -10.30000  2.000 
693 C 299.70000 -1021.40000 -10.30000  2.000 
694 C 306.90000 -1031.10000 -15.10000  2.000 
695 C 320.10000 -1050.50000 -17.60000  2.000 
696 C 326.30000 -1061.60000 -19.80000  2.000 
697 C 335.50000 -1074.80000 -19.60000  2.000 
698 C 334.70000 -1081.00000 -19.60000  2.000 
699 T 346.90000 -1098.70000 -25.30000  2.000 
700 C 293.00000 -995.70000  -7.50000  4.000 
701 C 296.10000 -994.40000  -7.50000  3.000 
702 C 302.00000 -1000.60000  -7.50000  2.000 
703 C 306.80000 -1004.10000 -12.60000  2.000 
704 C 307.60000 -1006.30000 -12.60000  2.000 
705 C 311.30000 -1006.60000 -15.50000  2.000 
706 C 312.90000 -1010.60000 -15.50000  2.000 
707 C 319.60000 -1013.20000 -19.40000  2.000 
708 C 319.60000 -1018.50000 -19.40000  2.000 
709 C 323.50000 -1020.40000 -19.60000  2.000 
710 C 323.50000 -1026.50000 -19.60000  2.000 
711 C 327.70000 -1027.00000 -19.60000  2.000 
712 C 333.90000 -1024.90000 -25.00000  2.000 
713 C 342.10000 -1028.00000 -27.00000  2.000 
714 C 343.70000 -1040.60000 -30.90000  2.000 
715 C 349.90000 -1051.20000 -35.40000  2.000 
716 C 355.30000 -1062.00000 -42.00000  2.000 
717 C 360.40000 -1077.40000 -46.70000  2.000 
718 C 365.70000 -1097.60000 -53.90000  2.000 
719 C 371.00000 -1115.60000 -53.90000  2.000 
720 C 369.00000 -1120.50000 -53.90000  2.000 
721 T 362.50000 -1127.40000 -53.90000  2.000 
722 C 273.70000 -971.40000   8.30000  3.000 
723 C 279.20000 -977.10000   5.90000  3.000 
724 C 289.60000 -982.50000   8.20000  3.000 
725 C 293.50000 -989.10000   3.30000  3.000 
726 C 303.50000 -992.50000   3.30000  3.000 
727 C 307.50000 -999.50000   3.30000  3.000 
728 C 341.20000 -1016.10000   1.20000  3.000 
729 C 363.90000 -1028.50000   1.20000  3.000 
730 C 398.20000 -1041.00000   1.20000  3.000 
731 C 414.80000 -1045.20000   1.30000  3.000 
732 C 414.80000 -1049.00000  10.90000  3.000 
733 C 429.20000 -1056.40000  10.90000  3.000 
734 C 438.60000 -1062.00000  10.90000  3.000 
735 C 442.20000 -1071.00000  10.90000  3.000 
736 C 471.90000 -1091.30000  11.50000  2.000 
737 C 476.40000 -1099.40000   4.60000  2.000 
738 C 488.60000 -1103.70000   9.30000  2.000 
739 T 503.90000 -1100.20000   6.50000  2.000 
740 C 252.20000 -935.60000  20.30000  3.000 
741 C 250.50000 -937.60000  20.30000  3.000 
742 C 262.10000 -945.70000  21.80000  3.000 
743 C 276.60000 -951.30000  24.20000  3.000 
744 C 280.60000 -956.30000  24.20000  3.000 
745 C 283.10000 -953.30000  24.20000  3.000 
746 C 304.80000 -960.00000  24.20000  3.000 
747 C 317.70000 -970.40000  26.40000  3.000 
748 C 328.70000 -972.60000  26.40000  3.000 
749 C 353.70000 -985.00000  26.40000  3.000 
750 C 363.00000 -992.30000  26.40000  2.000 
751 C 366.60000 -992.20000  26.40000  2.000 
752 T 368.10000 -992.20000  26.40000  2.000 
753 C  23.50000 -101.40000   0.10000 23.000 
754 B  28.40000 -98.90000   0.10000 21.000 
755 C  31.10000 -100.60000  -3.00000  6.000 
756 C  34.20000 -100.60000  -3.60000  6.000 
757 C  31.90000 -104.60000  -3.60000  6.000 
758 C  31.10000 -100.80000  -5.60000  6.000 
759 C  35.40000 -99.60000  -7.00000  6.000 
760 C  37.20000 -100.60000  -7.10000  6.000 
761 C  35.90000 -103.70000 -11.10000  6.000 
762 C  41.90000 -104.00000 -13.50000  6.000 
763 C  44.30000 -101.80000 -13.50000  6.000 
764 T  56.10000 -101.40000 -12.90000  5.000 
765 C  30.80000 -96.70000   0.10000 20.000 
766 C  34.70000 -93.40000   0.10000 20.000 
767 B  41.10000 -90.60000   0.10000 22.000 
768 C  46.80000 -93.00000   0.10000 12.000 
769 C  50.70000 -97.10000  -0.90000 14.000 
770 B  60.00000 -98.70000  -0.90000 15.000 
771 B  69.00000 -102.50000  -0.90000 16.000 
772 C  69.40000 -104.80000  -4.20000  6.000 
773 C  70.10000 -108.60000  -4.20000  6.000 
774 C  76.50000 -114.70000  -3.40000  6.000 
775 C  78.20000 -118.70000  -3.40000  6.000 
776 C  79.60000 -123.90000  -3.40000  6.000 
777 C  78.20000 -132.40000  -0.60000  7.000 
778 C  84.80000 -141.20000  -0.60000  6.000 
779 C  86.80000 -156.30000  -0.70000  6.000 
780 C  93.20000 -156.70000  -0.70000  6.000 
781 C  97.10000 -158.70000  -0.70000  5.000 
782 T  98.40000 -163.70000  -0.70000  5.000 
783 C  71.50000 -101.40000  -0.90000  6.000 
784 C  77.50000 -98.80000  -0.90000  8.000 
785 C  82.40000 -93.90000  -0.90000  7.000 
786 C  90.10000 -98.10000  -3.50000  7.000 
787 C 101.30000 -98.90000   1.00000  7.000 
788 C 111.50000 -96.90000   1.00000  6.000 
789 C 121.90000 -91.70000   3.20000  7.000 
790 C 122.50000 -84.10000   6.10000  7.000 
791 C 124.60000 -80.60000   6.10000  7.000 
792 C 124.60000 -78.40000   6.10000  6.000 
793 C 129.70000 -71.80000   8.20000  7.000 
794 C 130.20000 -71.80000   8.20000  7.000 
795 C 129.20000 -64.20000   9.90000  6.000 
796 C 135.50000 -59.80000  12.10000  6.000 
797 C 142.60000 -58.50000  12.10000  5.000 
798 T 149.50000 -66.40000  11.20000  5.000 
799 C  62.70000 -96.20000  -0.90000  6.000 
800 C  67.40000 -94.70000  -0.90000  6.000 
801 C  73.40000 -91.30000  -3.10000  6.000 
802 C  78.10000 -88.50000  -3.10000  6.000 
803 C  81.30000 -85.40000   0.70000  6.000 
804 C  93.70000 -83.60000   3.90000  6.000 
805 C 102.50000 -78.10000   4.00000  6.000 
806 C 107.10000 -79.30000   5.80000  7.000 
807 C 114.10000 -75.00000   5.80000  6.000 
808 C 120.30000 -74.10000   5.80000  6.000 
809 C 125.50000 -69.80000   4.80000  6.000 
810 C 132.80000 -69.80000   4.80000  6.000 
811 C 135.60000 -69.10000   9.80000  6.000 
812 C 141.40000 -63.10000   9.80000  6.000 
813 C 144.30000 -63.60000   9.80000  6.000 
814 C 161.20000 -54.30000   8.50000  6.000 
815 C 162.10000 -54.00000   8.50000  6.000 
816 C 167.40000 -50.30000  12.50000  6.000 
817 C 171.40000 -48.80000  12.50000  6.000 
818 T 172.60000 -46.90000  11.40000  6.000 
819 C  43.10000 -87.20000   2.50000  8.000 
820 C  46.70000 -86.20000   2.50000  8.000 
821 C  49.30000 -78.70000   2.70000  6.000 
822 B  49.30000 -77.80000   2.70000 10.000 
823 C  52.10000 -75.40000   2.70000  8.000 
824 C  50.90000 -73.30000   2.70000  8.000 
825 C  55.30000 -68.90000   3.20000  8.000 
826 C  59.80000 -68.10000   3.20000  8.000 
827 C  60.20000 -64.00000   6.70000  8.000 
828 C  64.50000 -63.10000   8.30000  8.000 
829 C  69.40000 -61.80000   8.30000  7.000 
830 C  76.10000 -59.50000   8.30000  7.000 
831 C  82.20000 -55.60000  11.20000  6.000 
832 C  87.20000 -49.60000  11.20000  5.000 
833 C  94.80000 -47.10000  11.90000  6.000 
834 C  95.90000 -44.10000  11.90000  6.000 
835 C 104.70000 -42.80000  16.00000  5.000 
836 C 106.50000 -40.20000  15.10000  4.000 
837 C 109.50000 -38.40000  15.10000  4.000 
838 C 111.20000 -37.90000  15.10000  4.000 
839 C 111.20000 -33.60000  15.10000  4.000 
840 C 114.50000 -25.50000  17.10000  4.000 
841 T 117.80000 -23.70000  17.10000  4.000 
842 C  48.40000 -76.80000   0.70000  8.000 
843 C  49.20000 -74.70000   2.70000  8.000 
844 C  46.20000 -72.90000  -0.60000  8.000 
845 C  51.70000 -64.30000  -1.40000  7.000 
846 C  52.90000 -58.00000  -6.70000  6.000 
847 C  54.60000 -56.10000  -6.70000  6.000 
848 C  61.30000 -43.10000  -8.80000  6.000 
849 C  62.20000 -29.10000 -10.20000  6.000 
850 C  58.80000 -21.60000 -11.50000  6.000 
851 C  58.80000 -14.10000 -13.60000  6.000 
852 C  50.70000  -4.40000 -10.80000  5.000 
853 T  53.00000   6.30000 -10.80000  5.000 
854 C  22.00000 -99.80000   2.70000 17.000 
855 C  16.20000 -98.00000  -1.70000 15.000 
856 B  17.10000 -95.20000  -3.80000 16.000 
857 C  15.20000 -98.40000  -7.40000  8.000 
858 C  14.40000 -103.00000  -8.80000  5.000 
859 C  10.30000 -102.90000  -8.80000  5.000 
860 T   8.00000 -107.80000  -9.10000  5.000 
861 B  18.80000 -92.80000  -3.80000 18.000 
862 C  14.00000 -93.20000 -10.60000 10.000 
863 C   9.10000 -96.10000 -10.60000 10.000 
864 B  -2.50000 -92.30000  -8.60000 11.000 
865 C  -4.00000 -95.60000  -8.60000  5.000 
866 C -11.10000 -98.70000 -12.10000  5.000 
867 C -22.20000 -102.50000 -14.50000  4.000 
868 C -26.50000 -104.00000 -15.80000  4.000 
869 C -41.70000 -104.00000 -15.20000  4.000 
870 T -45.20000 -104.00000 -18.20000  4.000 
871 C  -6.40000 -92.30000 -15.20000  5.000 
872 C -10.60000 -90.40000 -18.60000  4.000 
873 C -23.60000 -77.70000 -21.50000  4.000 
874 C -36.90000 -69.70000 -21.50000  4.000 
875 C -46.60000 -45.20000 -21.50000  4.000 
876 C -65.80000 -22.70000 -24.60000  4.000 
877 C -70.70000 -21.40000 -19.80000  4.000 
878 C -74.70000 -15.30000 -19.50000  4.000 
879 C -78.10000 -15.30000 -19.50000  4.000 
880 C -80.20000  -9.40000 -19.50000  4.000 
881 C -85.70000  -9.70000 -19.50000  4.000 
882 T -87.80000   3.10000 -19.50000  4.000 
883 C  28.30000 -91.20000  -3.80000  6.000 
884 B  33.60000 -91.20000 -10.80000  5.000 
885 T  39.60000 -98.30000 -10.70000  4.000 
886 C  35.50000 -86.80000  -9.80000  4.000 
887 C  47.00000 -63.90000 -15.10000  4.000 
888 T  50.10000 -56.20000 -13.10000  4.000 
889 C  22.00000 -93.80000  -0.10000 19.000 
890 C  18.10000 -93.80000   0.50000 12.000 
891 C   6.90000 -93.30000  -0.90000 15.000 
892 B   3.80000 -96.70000  -5.90000 15.000 
893 C  -1.20000 -95.50000  -5.80000  5.000 
894 C -11.80000 -90.70000  -5.80000  6.000 
895 C -18.00000 -96.00000 -11.10000  8.000 
896 C -21.50000 -92.00000 -11.60000  7.000 
897 C -31.60000 -94.00000 -11.60000  7.000 
898 C -37.20000 -93.20000 -17.20000  7.000 
899 C -42.70000 -93.90000 -16.90000  6.000 
900 C -46.50000 -91.80000 -20.10000  6.000 
901 C -58.90000 -88.40000 -21.20000  5.000 
902 C -66.90000 -83.50000 -23.90000  5.000 
903 T -82.50000 -79.50000 -23.00000  4.000 
904 B   3.80000 -98.00000  -5.90000 14.000 
905 C  -3.90000 -99.10000  -4.00000 10.000 
906 C  -6.20000 -95.30000  -2.10000  9.000 
907 C -10.40000 -98.10000   4.40000  8.000 
908 B -14.80000 -93.50000   4.40000  5.000 
909 C -22.00000 -96.60000   4.60000  4.000 
910 C -24.70000 -93.80000   4.60000  4.000 
911 C -27.30000 -95.60000   4.60000  4.000 
912 C -50.60000 -92.80000   4.60000  4.000 
913 C -61.00000 -88.40000   8.10000  4.000 
914 C -66.10000 -90.40000   8.10000  4.000 
915 C -79.00000 -87.50000   8.10000  4.000 
916 C -80.20000 -85.00000   8.10000  3.000 
917 C -90.90000 -87.90000   8.10000  4.000 
918 C -103.30000 -75.00000   8.10000  3.000 
919 T -110.90000 -75.00000   8.90000  3.000 
920 C -13.50000 -85.20000   6.40000  5.000 
921 C -21.20000 -85.20000   8.20000  5.000 
922 C -26.60000 -86.60000  11.80000  4.000 
923 C -32.30000 -86.60000  11.80000  4.000 
924 C -33.50000 -82.60000  11.80000  3.000 
925 T -37.40000 -80.20000  11.80000  3.000 
926 C   2.70000 -99.30000  -6.20000 13.000 
927 C  -7.80000 -108.40000  -6.20000 10.000 
928 B -16.00000 -111.70000  -7.30000 17.000 
929 C -19.30000 -118.20000  -7.30000  9.000 
930 C -19.30000 -124.30000  -7.30000 11.000 
931 B -21.40000 -136.80000  -7.30000 11.000 
932 C -20.80000 -142.60000  -3.60000  6.000 
933 C -21.10000 -147.80000  -3.60000  6.000 
934 C -23.90000 -159.50000  -6.40000  6.000 
935 C -25.10000 -170.20000  -6.40000  6.000 
936 C -25.40000 -173.30000  -6.40000  6.000 
937 C -32.60000 -180.40000  -9.10000  6.000 
938 C -31.30000 -186.30000 -13.10000  6.000 
939 C -36.80000 -189.70000 -14.10000  6.000 
940 C -41.60000 -196.90000 -15.40000  5.000 
941 C -37.20000 -204.10000 -18.90000  5.000 
942 T -35.60000 -215.20000 -18.50000  3.000 
943 C -25.70000 -143.00000  -7.30000  6.000 
944 C -34.50000 -140.90000  -7.30000  6.000 
945 C -34.80000 -145.80000  -4.40000  6.000 
946 C -42.90000 -151.60000  -4.40000  6.000 
947 C -59.00000 -153.70000   1.90000  6.000 
948 C -63.60000 -162.00000   0.30000  6.000 
949 C -66.90000 -159.50000   0.30000  5.000 
950 C -73.40000 -165.70000   5.40000  4.000 
951 T -78.30000 -167.90000   5.40000  3.000 
952 C -19.50000 -112.70000  -7.30000 10.000 
953 C -23.10000 -113.70000  -4.60000 10.000 
954 C -32.80000 -112.30000  -8.40000  8.000 
955 C -46.90000 -122.90000 -17.70000  8.000 
956 C -59.90000 -129.00000 -17.90000  5.000 
957 C -63.80000 -126.80000 -17.90000  5.000 
958 C -68.50000 -126.80000 -17.90000  5.000 
959 C -70.40000 -129.30000 -18.30000  5.000 
960 C -81.10000 -133.30000 -24.30000  4.000 
961 T -99.00000 -140.70000 -28.00000  3.000 
962 C  17.00000 -90.90000  -1.60000  7.000 
963 C  11.70000 -82.40000  -1.60000  7.000 
964 C   8.10000 -82.40000  -1.60000  7.000 
965 C   3.00000 -78.70000  -1.60000  7.000 
966 C  -1.60000 -72.10000  -1.60000  6.000 
967 C  -7.10000 -72.10000  -1.60000  6.000 
968 C  -9.70000 -74.80000  -4.90000  6.000 
969 C -11.10000 -76.10000  -4.90000  7.000 
970 C -17.20000 -77.60000  -4.90000  6.000 
971 C -26.80000 -76.60000  -8.30000  9.000 
972 C -37.20000 -80.30000  -5.60000 11.000 
973 C -40.50000 -79.00000 -11.80000 10.000 
974 C -44.20000 -72.50000 -13.30000  8.000 
975 C -54.90000 -68.40000 -14.70000  8.000 
976 B -57.20000 -69.50000 -14.70000  9.000 
977 C -60.30000 -72.10000 -16.50000  8.000 
978 C -68.70000 -67.60000 -16.50000  7.000 
979 C -72.70000 -66.00000 -21.00000  7.000 
980 C -75.50000 -69.30000 -21.00000  7.000 
981 C -79.00000 -67.50000 -21.00000  7.000 
982 C -82.60000 -68.80000 -21.00000 10.000 
983 C -89.40000 -65.60000 -21.00000  6.000 
984 C -92.60000 -70.50000 -24.00000  7.000 
985 C -96.50000 -70.50000 -24.10000  7.000 
986 T -106.20000 -72.20000 -24.10000  6.000 
987 C -66.30000 -67.50000 -16.40000  6.000 
988 C -70.00000 -63.60000 -16.40000  6.000 
989 C -81.00000 -59.50000 -16.40000  6.000 
990 C -89.60000 -59.50000 -16.40000  6.000 
991 C -98.30000 -55.70000 -16.40000  6.000 
992 C -99.80000 -47.10000 -18.40000  6.000 
993 T -104.20000 -30.10000 -19.80000  4.000 
994 C  19.30000 -80.00000   2.20000 10.000 
995 C  13.30000 -78.30000   2.20000  9.000 
996 C  12.50000 -72.20000   3.20000  8.000 
997 C  12.50000 -69.30000   3.20000  8.000 
998 C   9.80000 -64.10000   3.20000  8.000 
999 C   6.20000 -65.60000   1.60000  8.000 
1000 B   3.70000 -59.50000   1.60000  8.000 
1001 C   1.00000 -57.10000   3.50000  7.000 
1002 C  -2.00000 -51.90000   3.50000  7.000 
1003 C  -3.40000 -47.10000   4.10000  7.000 
1004 C  -7.70000 -43.00000   6.40000  6.000 
1005 C -16.90000 -39.90000   7.00000  6.000 
1006 C -23.30000 -29.80000   9.00000  5.000 
1007 C -22.20000 -25.80000   8.00000  4.000 
1008 C -22.20000 -23.60000   8.00000  4.000 
1009 C -25.80000 -23.60000   8.00000  4.000 
1010 T -25.80000 -20.10000   8.00000  4.000 
1011 C   1.80000 -48.70000   1.70000  7.000 
1012 C   2.30000 -40.20000   1.70000  7.000 
1013 C  -0.90000 -36.70000   0.40000  7.000 
1014 C  -2.90000 -28.10000  -3.10000  7.000 
1015 C  -8.30000 -20.50000  -3.10000  7.000 
1016 C  -8.30000 -16.20000  -3.10000  7.000 
1017 C  -7.00000 -10.90000  -3.10000  7.000 
1018 C -11.20000  -6.40000  -3.20000  7.000 
1019 C  -4.40000   3.30000 -11.30000  8.000 
1020 C  -6.10000   9.80000 -11.30000  8.000 
1021 C  -5.60000  13.50000 -13.40000  7.000 
1022 C  -8.60000  16.90000 -13.40000  6.000 
1023 C  -7.20000  23.00000 -13.10000 10.000 
1024 C  -8.80000  24.90000 -13.30000  8.000 
1025 C  -4.40000  35.00000 -18.10000  8.000 
1026 C  -7.90000  43.60000 -21.80000  8.000 
1027 C -10.70000  54.60000 -18.60000  8.000 
1028 C   1.50000  59.50000 -26.20000  8.000 
1029 T   1.50000  71.40000 -24.60000  5.000 
1030 C  21.80000 -79.40000   3.40000 20.000 
1031 C  21.80000 -78.00000   3.40000 12.000 
1032 C  22.80000 -74.30000   1.70000 22.000 
1033 T  22.80000 -74.30000  -0.00000 20.000 
1034 B  21.80000 -81.30000   3.40000 17.000 
1035 C  25.10000 -76.20000   1.70000 11.000 
1036 B  31.80000 -77.60000   5.00000 15.000 
1037 C  35.50000 -77.80000   8.30000  7.000 
1038 C  38.50000 -76.50000   8.30000  7.000 
1039 C  43.90000 -74.70000  11.70000  7.000 
1040 C  45.10000 -77.40000  14.50000  4.000 
1041 C  51.80000 -74.80000  16.40000  5.000 
1042 C  58.80000 -75.20000  16.40000  4.000 
1043 C  58.70000 -70.30000  16.40000  4.000 
1044 T  64.00000 -68.00000  13.20000  4.000 
1045 C  34.50000 -73.50000   9.20000  7.000 
1046 C  37.20000 -72.60000   9.70000  7.000 
1047 C  35.00000 -65.30000   9.70000  7.000 
1048 T  30.50000 -56.80000  13.40000  4.000 
1049 C  26.00000 -79.00000   3.40000  8.000 
1050 C  40.00000 -73.00000   3.70000  8.000 
1051 C  40.60000 -70.40000   2.00000  6.000 
1052 C  41.60000 -65.20000   3.00000  9.000 
1053 B  43.70000 -63.20000  -1.70000  9.000 
1054 C  49.10000 -55.00000  -1.70000  6.000 
1055 C  52.70000 -52.00000   1.70000  6.000 
1056 C  67.80000 -44.70000   5.50000  8.000 
1057 C  84.20000 -35.50000   5.50000  7.000 
1058 C  88.50000 -29.90000   3.80000  6.000 
1059 C  90.20000 -26.40000   3.80000  6.000 
1060 C  94.40000 -20.40000   7.20000  5.000 
1061 C 101.30000 -20.40000   3.50000  4.000 
1062 T 112.90000 -20.30000   6.20000  4.000 
1063 B  42.20000 -60.10000  -1.40000  8.000 
1064 C  42.20000 -56.40000  -5.90000  8.000 
1065 C  52.50000 -60.50000  -5.90000  7.000 
1066 C  55.40000 -57.20000  -5.90000  7.000 
1067 C  62.50000 -61.50000  -5.70000  7.000 
1068 C  71.30000 -60.30000  -9.60000  7.000 
1069 C  76.40000 -64.40000 -12.60000  7.000 
1070 C  78.70000 -65.00000 -16.40000  7.000 
1071 T  88.90000 -65.00000 -27.10000  6.000 
1072 C  39.00000 -56.90000  -1.40000  8.000 
1073 C  41.60000 -51.10000  -1.40000  8.000 
1074 B  39.60000 -43.30000  -8.50000 10.000 
1075 C  39.60000 -37.60000  -8.50000  7.000 
1076 C  42.20000 -35.00000  -8.10000  7.000 
1077 C  40.20000 -36.10000 -13.80000  7.000 
1078 C  40.20000 -28.90000 -13.80000  8.000 
1079 C  43.30000 -27.10000 -16.30000  8.000 
1080 C  43.30000 -22.40000 -16.30000  8.000 
1081 C  49.20000 -14.90000 -18.40000 10.000 
1082 C  54.70000  -9.10000 -18.40000  9.000 
1083 C  53.80000  -5.50000 -19.10000  9.000 
1084 C  59.70000   2.00000 -23.50000  6.000 
1085 C  61.20000  16.60000 -29.20000  6.000 
1086 C  64.60000  22.40000 -29.20000  6.000 
1087 C  65.60000  33.20000 -29.20000  5.000 
1088 C  64.20000  37.90000 -29.20000  4.000 
1089 C  65.40000  41.50000 -29.20000  4.000 
1090 C  64.40000  46.80000 -29.20000  4.000 
1091 C  62.60000  50.50000 -29.20000  4.000 
1092 C  62.60000  55.90000 -29.20000  4.000 
1093 C  69.30000  58.60000 -26.70000  4.000 
1094 C  64.60000  65.90000 -26.70000  4.000 
1095 T  59.90000  77.50000 -26.60000  4.000 
1096 C  43.30000 -36.80000  -7.90000  7.000 
1097 C  37.70000 -22.40000  -8.50000  6.000 
1098 C  42.80000 -12.10000  -6.00000  7.000 
1099 C  38.40000   1.60000  -6.00000  7.000 
1100 C  40.30000   5.70000  -6.00000  5.000 
1101 C  40.30000   9.00000  -6.00000  5.000 
1102 C  35.90000  12.50000  -6.00000  5.000 
1103 C  38.50000  19.30000 -11.20000  7.000 
1104 C  36.40000  25.70000 -11.20000  6.000 
1105 C  30.70000  29.30000 -12.20000  4.000 
1106 T  18.80000  43.30000 -16.20000  4.000 
