1000
0.000000 -74.999252
0.504505 -75.001694
1.009009 -75.009010
1.513514 -75.004135
2.018018 -75.004135
2.522523 -75.004135
3.027027 -74.996811
3.531532 -74.996811
4.036036 -74.996811
4.540541 -74.994370
5.045045 -74.996811
5.549550 -75.001694
6.054054 -74.991928
6.558559 -74.999252
7.063063 -74.994370
7.567568 -74.991928
8.072072 -74.994370
8.576577 -75.001694
9.081081 -75.004135
9.585586 -75.011452
10.090090 -74.999252
10.594595 -75.009010
11.099099 -75.016335
11.603604 -75.004135
12.108108 -75.004135
12.612613 -75.001694
13.117117 -75.011452
13.621622 -75.009010
14.126126 -75.009010
14.630631 -75.004135
15.135135 -74.999252
15.639640 -75.011452
16.144144 -75.009010
16.648649 -74.999252
17.153153 -74.999252
17.657658 -74.999252
18.162162 -74.996811
18.666667 -75.001694
19.171171 -75.006577
19.675676 -75.004135
20.180180 -74.996811
20.684685 -74.999252
21.189189 -74.999252
21.693694 -75.001694
22.198198 -74.996811
22.702703 -75.009010
23.207207 -74.994370
23.711712 -74.994370
24.216216 -74.994370
24.720721 -74.994370
25.225225 -74.991928
25.729730 -74.999252
26.234234 -75.004135
26.738739 -74.984612
27.243243 -74.991928
27.747748 -74.991928
28.252252 -74.989494
28.756757 -74.987053
29.261261 -74.996811
29.765766 -74.994370
30.270270 -75.001694
30.774775 -75.004135
31.279279 -75.011452
31.783784 -75.009010
32.288288 -75.009010
32.792793 -75.009010
33.297297 -75.009010
33.801802 -75.001694
34.306306 -75.009010
34.810811 -75.001694
35.315315 -75.009010
35.819820 -75.001694
36.324324 -75.011452
36.828829 -75.001694
37.333333 -75.006577
37.837838 -75.004135
38.342342 -74.991928
38.846847 -74.991928
39.351351 -74.999252
39.855856 -74.991928
40.360360 -74.991928
40.864865 -74.999252
41.369369 -74.991928
41.873874 -74.996811
42.378378 -74.999252
42.882883 -74.999252
43.387387 -75.001694
43.891892 -75.004135
44.396396 -74.994370
44.900901 -74.987053
45.405405 -74.996811
45.909910 -75.001694
46.414414 -74.999252
46.918919 -74.994370
47.423423 -74.999252
47.927928 -74.989494
48.432432 -74.996811
48.936937 -74.989494
49.441441 -74.994370
49.945946 -74.994370
50.450450 -75.001694
50.954955 -75.004135
51.459459 -75.196907
51.963964 -75.331123
52.468468 -75.406769
52.972973 -75.484856
53.477477 -75.545860
53.981982 -75.609306
54.486486 -75.650787
54.990991 -75.709351
55.495495 -75.763039
56.000000 -75.802078
56.504505 -75.870407
57.009009 -75.909447
57.513514 -75.958252
58.018018 -76.004616
58.522523 -76.043663
59.027027 -76.075386
59.531532 -76.129066
60.036036 -76.163231
60.540541 -76.199837
61.045045 -76.248642
61.549550 -76.285240
62.054054 -76.309647
62.558559 -76.348686
63.063063 -76.387733
63.567568 -76.412132
64.072072 -76.438972
64.576577 -76.478020
65.081081 -76.502419
65.585586 -76.531708
66.090090 -76.558548
66.594595 -76.595146
67.099099 -76.617111
67.603604 -76.641510
68.108108 -76.678116
68.612613 -76.692757
69.117117 -76.724480
69.621622 -76.751320
70.126126 -76.770844
70.630631 -76.795250
71.135135 -76.834290
71.639640 -76.846489
72.144144 -76.870895
72.648649 -76.897736
73.153153 -76.924576
73.657658 -76.936775
74.162162 -76.961182
74.666667 -76.973381
75.171171 -76.995346
75.675676 -77.007545
76.180180 -77.027069
76.684685 -77.063667
77.189189 -77.063667
77.693694 -77.068550
78.198198 -77.080750
78.702703 -77.105156
79.207207 -77.117355
79.711712 -77.134438
80.216216 -77.136879
80.720721 -77.166161
81.225225 -77.171036
81.729730 -77.190559
82.234234 -77.202759
82.738739 -77.217400
83.243243 -77.232040
83.747748 -77.241806
84.252252 -77.246689
84.756757 -77.261330
85.261261 -77.278412
85.765766 -77.290611
86.270270 -77.295486
86.774775 -77.305252
87.279279 -77.317451
87.783784 -77.334534
88.288288 -77.334534
88.792793 -77.346733
89.297297 -77.371140
89.801802 -77.371140
90.306306 -77.376015
90.810811 -77.410179
91.315315 -77.407738
91.819820 -77.419937
92.324324 -77.432144
92.828829 -77.437019
93.333333 -77.437019
93.837838 -77.449226
94.342342 -77.449226
94.846847 -77.458984
95.351351 -77.473625
95.855856 -77.468742
96.360360 -77.476067
96.864865 -77.480942
97.369369 -77.493149
97.873874 -77.495590
98.378378 -77.493149
98.882883 -77.505348
99.387387 -77.512665
99.891892 -77.527313
100.396396 -77.522430
100.900901 -77.532188
101.405405 -77.534630
101.909910 -77.551712
102.414414 -77.541954
102.918919 -77.549271
103.423423 -77.556595
103.927928 -77.571236
104.432432 -77.571236
104.936937 -77.568794
105.441441 -77.580994
105.945946 -77.576111
106.450450 -77.580994
106.954955 -77.585876
107.459459 -77.590752
107.963964 -77.593193
108.468468 -77.612717
108.972973 -77.590752
109.477477 -77.610275
109.981982 -77.612717
110.486486 -77.629799
110.990991 -77.637115
111.495495 -77.624916
112.000000 -77.627357
112.504505 -77.627357
113.009009 -77.637115
113.513514 -77.637115
114.018018 -77.646881
114.522523 -77.651764
115.027027 -77.644440
115.531532 -77.646881
116.036036 -77.651764
116.540541 -77.656639
117.045045 -77.649323
117.549550 -77.651764
118.054054 -77.659081
118.558559 -77.656639
119.063063 -77.666405
119.567568 -77.654198
120.072072 -77.668839
120.576577 -77.671280
121.081081 -77.659081
121.585586 -77.673721
122.090090 -77.666405
122.594595 -77.673721
123.099099 -77.688362
123.603604 -77.685921
124.108108 -77.685921
124.612613 -77.681046
125.117117 -77.683479
125.621622 -77.681046
126.126126 -77.688362
126.630631 -77.693245
127.135135 -77.673721
127.639640 -77.690804
128.144144 -77.673721
128.648649 -77.688362
129.153153 -77.678604
129.657658 -77.695686
130.162162 -77.688362
130.666667 -77.703003
131.171171 -77.705444
131.675676 -77.700562
132.180180 -77.705444
132.684685 -77.710327
133.189189 -77.703003
133.693694 -77.710327
134.198198 -77.715202
134.702703 -77.712769
135.207207 -77.715202
135.711712 -77.710327
136.216216 -77.707886
136.720721 -77.717644
137.225225 -77.717644
137.729730 -77.720085
138.234234 -77.717644
138.738739 -77.717644
139.243243 -77.710327
139.747748 -77.717644
140.252252 -77.717644
140.756757 -77.712769
141.261261 -77.720085
141.765766 -77.705444
142.270270 -77.727409
142.774775 -77.720085
143.279279 -77.724968
143.783784 -77.715202
144.288288 -77.720085
144.792793 -77.732285
145.297297 -77.722527
145.801802 -77.717644
146.306306 -77.717644
146.810811 -77.724968
147.315315 -77.720085
147.819820 -77.717644
148.324324 -77.717644
148.828829 -77.720085
149.333333 -77.727409
149.837838 -77.722527
150.342342 -77.722527
150.846847 -77.732285
151.351351 -77.729843
151.855856 -77.727409
152.360360 -77.729843
152.864865 -77.732285
153.369369 -77.734726
153.873874 -77.724968
154.378378 -77.724968
154.882883 -77.727409
155.387387 -77.729843
155.891892 -77.720085
156.396396 -77.734726
156.900901 -77.724968
157.405405 -77.729843
157.909910 -77.724968
158.414414 -77.715202
158.918919 -77.717644
159.423423 -77.710327
159.927928 -77.715202
160.432432 -77.717644
160.936937 -77.720085
161.441441 -77.717644
161.945946 -77.734726
162.450450 -77.720085
162.954955 -77.715202
163.459459 -77.715202
163.963964 -77.720085
164.468468 -77.722527
164.972973 -77.717644
165.477477 -77.707886
165.981982 -77.712769
166.486486 -77.722527
166.990991 -77.715202
167.495495 -77.717644
168.000000 -77.712769
168.504505 -77.724968
169.009009 -77.717644
169.513514 -77.720085
170.018018 -77.722527
170.522523 -77.722527
171.027027 -77.737167
171.531532 -77.727409
172.036036 -77.727409
172.540541 -77.732285
173.045045 -77.737167
173.549550 -77.734726
174.054054 -77.734726
174.558559 -77.732285
175.063063 -77.729843
175.567568 -77.732285
176.072072 -77.734726
176.576577 -77.737167
177.081081 -77.737167
177.585586 -77.724968
178.090090 -77.722527
178.594595 -77.729843
179.099099 -77.720085
179.603604 -77.717644
180.108108 -77.715202
180.612613 -77.729843
181.117117 -77.729843
181.621622 -77.717644
182.126126 -77.722527
182.630631 -77.724968
183.135135 -77.722527
183.639640 -77.712769
184.144144 -77.720085
184.648649 -77.724968
185.153153 -77.717644
185.657658 -77.715202
186.162162 -77.720085
186.666667 -77.717644
187.171171 -77.722527
187.675676 -77.720085
188.180180 -77.712769
188.684685 -77.722527
189.189189 -77.722527
189.693694 -77.717644
190.198198 -77.720085
190.702703 -77.734726
191.207207 -77.727409
191.711712 -77.722527
192.216216 -77.729843
192.720721 -77.732285
193.225225 -77.727409
193.729730 -77.729843
194.234234 -77.720085
194.738739 -77.727409
195.243243 -77.729843
195.747748 -77.727409
196.252252 -77.727409
196.756757 -77.727409
197.261261 -77.722527
197.765766 -77.720085
198.270270 -77.720085
198.774775 -77.712769
199.279279 -77.720085
199.783784 -77.715202
200.288288 -77.710327
200.792793 -77.715202
201.297297 -77.710327
201.801802 -77.712769
202.306306 -77.720085
202.810811 -77.705444
203.315315 -77.715202
203.819820 -77.712769
204.324324 -77.717644
204.828829 -77.710327
205.333333 -77.715202
205.837838 -77.710327
206.342342 -77.720085
206.846847 -77.710327
207.351351 -77.712769
207.855856 -77.705444
208.360360 -77.710327
208.864865 -77.707886
209.369369 -77.722527
209.873874 -77.710327
210.378378 -77.715202
210.882883 -77.732285
211.387387 -77.720085
211.891892 -77.720085
212.396396 -77.724968
212.900901 -77.712769
213.405405 -77.710327
213.909910 -77.720085
214.414414 -77.712769
214.918919 -77.717644
215.423423 -77.707886
215.927928 -77.712769
216.432432 -77.710327
216.936937 -77.707886
217.441441 -77.707886
217.945946 -77.693245
218.450450 -77.705444
218.954955 -77.705444
219.459459 -77.705444
219.963964 -77.700562
220.468468 -77.693245
220.972973 -77.700562
221.477477 -77.695686
221.981982 -77.695686
222.486486 -77.705444
222.990991 -77.705444
223.495495 -77.700562
224.000000 -77.695686
224.504505 -77.693245
225.009009 -77.695686
225.513514 -77.693245
226.018018 -77.698128
226.522523 -77.693245
227.027027 -77.688362
227.531532 -77.688362
228.036036 -77.681046
228.540541 -77.683479
229.045045 -77.683479
229.549550 -77.688362
230.054054 -77.676163
230.558559 -77.690804
231.063063 -77.693245
231.567568 -77.683479
232.072072 -77.685921
232.576577 -77.693245
233.081081 -77.688362
233.585586 -77.695686
234.090090 -77.695686
234.594595 -77.690804
235.099099 -77.690804
235.603604 -77.685921
236.108108 -77.685921
236.612613 -77.693245
237.117117 -77.685921
237.621622 -77.683479
238.126126 -77.668839
238.630631 -77.681046
239.135135 -77.678604
239.639640 -77.683479
240.144144 -77.681046
240.648649 -77.688362
241.153153 -77.659081
241.657658 -77.678604
242.162162 -77.676163
242.666667 -77.666405
243.171171 -77.678604
243.675676 -77.668839
244.180180 -77.663963
244.684685 -77.661522
245.189189 -77.663963
245.693694 -77.661522
246.198198 -77.654198
246.702703 -77.668839
247.207207 -77.673721
247.711712 -77.663963
248.216216 -77.656639
248.720721 -77.666405
249.225225 -77.668839
249.729730 -77.661522
250.234234 -77.663963
250.738739 -77.666405
251.243243 -77.676163
251.747748 -77.668839
252.252252 -77.661522
252.756757 -77.458984
253.261261 -77.346733
253.765766 -77.256447
254.270270 -77.183243
254.774775 -77.124672
255.279279 -77.058792
255.783784 -77.007545
256.288288 -76.941658
256.792793 -76.887978
257.297297 -76.831848
257.801802 -76.773285
258.306306 -76.722038
258.810811 -76.692757
259.315315 -76.636635
259.819820 -76.597588
260.324324 -76.553665
260.828829 -76.512184
261.333333 -76.475578
261.837838 -76.436539
262.342342 -76.397491
262.846847 -76.358452
263.351351 -76.321846
263.855856 -76.297447
264.360360 -76.251083
264.864865 -76.226677
265.369369 -76.192513
265.873874 -76.163231
266.378378 -76.119308
266.882883 -76.094910
267.387387 -76.060745
267.891892 -76.026581
268.396396 -76.002182
268.900901 -75.975334
269.405405 -75.958252
269.909910 -75.950935
270.414414 -75.904572
270.918919 -75.897247
271.423423 -75.860649
271.927928 -75.838684
272.432432 -75.816719
272.936937 -75.802078
273.441441 -75.782562
273.945946 -75.753281
274.450450 -75.731316
274.954955 -75.716675
275.459459 -75.684952
275.963964 -75.682510
276.468468 -75.650787
276.972973 -75.641029
277.477477 -75.611748
277.981982 -75.594666
278.486486 -75.567818
278.990991 -75.555618
279.495495 -75.545860
280.000000 -75.523895
280.504505 -75.506813
281.009009 -75.499496
281.513514 -75.477531
282.018018 -75.453133
282.522523 -75.450691
283.027027 -75.443367
283.531532 -75.428726
284.036036 -75.406769
284.540541 -75.392128
285.045045 -75.370163
285.549550 -75.365280
286.054054 -75.357964
286.558559 -75.335999
287.063063 -75.326241
287.567568 -75.316483
288.072072 -75.299400
288.576577 -75.296959
289.081081 -75.270119
289.585586 -75.270119
290.090090 -75.267677
290.594595 -75.253036
291.099099 -75.257912
291.603604 -75.238396
292.108108 -75.233513
292.612613 -75.231071
293.117117 -75.226189
293.621622 -75.196907
294.126126 -75.213989
294.630631 -75.192032
295.135135 -75.182266
295.639640 -75.174950
296.144144 -75.167625
296.648649 -75.167625
297.153153 -75.152985
297.657658 -75.143227
298.162162 -75.131027
298.666667 -75.128586
299.171171 -75.116379
299.675676 -75.118820
300.180180 -75.109062
300.684685 -75.104179
301.189189 -75.101738
301.693694 -75.099304
302.198198 -75.082222
302.702703 -75.082222
303.207207 -75.079781
303.711712 -75.072456
304.216216 -75.062698
304.720721 -75.060257
305.225225 -75.048058
305.729730 -75.048058
306.234234 -75.050499
306.738739 -75.038292
307.243243 -75.035858
307.747748 -75.021217
308.252252 -75.009010
308.756757 -75.018776
309.261261 -75.033417
309.765766 -75.026093
310.270270 -75.011452
310.774775 -75.016335
311.279279 -75.013893
311.783784 -75.011452
312.288288 -74.999252
312.792793 -75.001694
313.297297 -74.999252
313.801802 -74.996811
314.306306 -74.991928
314.810811 -74.987053
315.315315 -74.984612
315.819820 -74.989494
316.324324 -74.987053
316.828829 -74.982170
317.333333 -74.974854
317.837838 -74.972412
318.342342 -74.977287
318.846847 -74.962646
319.351351 -74.955330
319.855856 -74.957771
320.360360 -74.950447
320.864865 -74.950447
321.369369 -74.965088
321.873874 -74.957771
322.378378 -74.955330
322.882883 -74.950447
323.387387 -74.955330
323.891892 -74.950447
324.396396 -74.945564
324.900901 -74.943130
325.405405 -74.933365
325.909910 -74.943130
326.414414 -74.933365
326.918919 -74.926048
327.423423 -74.935806
327.927928 -74.926048
328.432432 -74.926048
328.936937 -74.930923
329.441441 -74.928490
329.945946 -74.928490
330.450450 -74.933365
330.954955 -74.926048
331.459459 -74.935806
331.963964 -74.921165
332.468468 -74.923607
332.972973 -74.911407
333.477477 -74.926048
333.981982 -74.911407
334.486486 -74.913841
334.990991 -74.923607
335.495495 -74.916283
336.000000 -74.913841
336.504505 -74.913841
337.009009 -74.916283
337.513514 -74.916283
338.018018 -74.911407
338.522523 -74.901642
339.027027 -74.908966
339.531532 -74.904083
340.036036 -74.906525
340.540541 -74.906525
341.045045 -74.904083
341.549550 -74.899200
342.054054 -74.896767
342.558559 -74.904083
343.063063 -74.906525
343.567568 -74.901642
344.072072 -74.901642
344.576577 -74.899200
345.081081 -74.901642
345.585586 -74.891884
346.090090 -74.901642
346.594595 -74.894325
347.099099 -74.896767
347.603604 -74.894325
348.108108 -74.887001
348.612613 -74.896767
349.117117 -74.894325
349.621622 -74.904083
350.126126 -74.894325
350.630631 -74.899200
351.135135 -74.916283
351.639640 -74.911407
352.144144 -74.904083
352.648649 -74.904083
353.153153 -74.896767
353.657658 -74.901642
354.162162 -74.906525
354.666667 -74.899200
355.171171 -74.906525
355.675676 -74.904083
356.180180 -74.901642
356.684685 -74.896767
357.189189 -74.896767
357.693694 -74.894325
358.198198 -74.896767
358.702703 -74.896767
359.207207 -74.891884
359.711712 -74.887001
360.216216 -74.889442
360.720721 -74.887001
361.225225 -74.882126
361.729730 -74.894325
362.234234 -74.887001
362.738739 -74.884560
363.243243 -74.884560
363.747748 -74.882126
364.252252 -74.887001
364.756757 -74.872360
365.261261 -74.877243
365.765766 -74.879684
366.270270 -74.874802
366.774775 -74.872360
367.279279 -74.874802
367.783784 -74.872360
368.288288 -74.872360
368.792793 -74.879684
369.297297 -74.879684
369.801802 -74.882126
370.306306 -74.867477
370.810811 -74.877243
371.315315 -74.891884
371.819820 -74.882126
372.324324 -74.884560
372.828829 -74.879684
373.333333 -74.882126
373.837838 -74.891884
374.342342 -74.882126
374.846847 -74.887001
375.351351 -74.874802
375.855856 -74.891884
376.360360 -74.877243
376.864865 -74.884560
377.369369 -74.874802
377.873874 -74.865044
378.378378 -74.877243
378.882883 -74.867477
379.387387 -74.882126
379.891892 -74.874802
380.396396 -74.879684
380.900901 -74.872360
381.405405 -74.882126
381.909910 -74.882126
382.414414 -74.887001
382.918919 -74.882126
383.423423 -74.869919
383.927928 -74.884560
384.432432 -74.891884
384.936937 -74.894325
385.441441 -74.872360
385.945946 -74.882126
386.450450 -74.882126
386.954955 -74.882126
387.459459 -74.874802
387.963964 -74.882126
388.468468 -74.877243
388.972973 -74.884560
389.477477 -74.887001
389.981982 -74.884560
390.486486 -74.877243
390.990991 -74.899200
391.495495 -74.899200
392.000000 -74.894325
392.504505 -74.901642
393.009009 -74.899200
393.513514 -74.894325
394.018018 -74.899200
394.522523 -74.913841
395.027027 -74.906525
395.531532 -74.896767
396.036036 -74.906525
396.540541 -74.906525
397.045045 -74.908966
397.549550 -74.904083
398.054054 -74.906525
398.558559 -74.896767
399.063063 -74.906525
399.567568 -74.943130
400.072072 -78.291092
400.576577 -86.121727
401.081081 -86.028999
401.585586 -80.999725
402.090090 -80.177376
402.594595 -79.808907
403.099099 -79.538040
403.603604 -79.330627
404.108108 -79.150047
404.612613 -79.001198
405.117117 -78.859665
405.621622 -78.720573
406.126126 -78.588799
406.630631 -78.466789
407.135135 -78.366745
407.639640 -78.266693
408.144144 -78.164207
408.648649 -78.061714
409.153153 -77.976311
409.657658 -77.900665
410.162162 -77.812813
410.666667 -77.734726
411.171171 -77.649323
411.675676 -77.580994
412.180180 -77.519989
412.684685 -77.449226
413.189189 -77.385780
413.693694 -77.322334
414.198198 -77.258888
414.702703 -77.210083
415.207207 -77.134438
415.711712 -77.092949
416.216216 -77.034386
416.720721 -76.978264
417.225225 -76.929459
417.729730 -76.875771
418.234234 -76.836731
418.738739 -76.797684
419.243243 -76.744003
419.747748 -76.695198
420.252252 -76.651276
420.756757 -76.617111
421.261261 -76.575630
421.765766 -76.546349
422.270270 -76.497543
422.774775 -76.473137
423.279279 -76.424332
423.783784 -76.377968
424.288288 -76.358452
424.792793 -76.316963
425.297297 -76.285240
425.801802 -76.263283
426.306306 -76.229118
426.810811 -76.197395
427.315315 -76.175430
427.819820 -76.141273
428.324324 -76.111984
428.828829 -76.087585
429.333333 -76.065620
429.837838 -76.048546
430.342342 -76.019257
430.846847 -75.997299
431.351351 -75.975334
431.855856 -75.946053
432.360360 -75.928970
432.864865 -75.904572
433.369369 -75.872849
433.873874 -75.855766
434.378378 -75.836243
434.882883 -75.814285
435.387387 -75.792320
435.891892 -75.775238
436.396396 -75.748398
436.900901 -75.728874
437.405405 -75.711792
437.909910 -75.694710
438.414414 -75.672752
438.918919 -75.650787
439.423423 -75.641029
439.927928 -75.628830
440.432432 -75.623947
440.936937 -75.594666
441.441441 -75.577583
441.945946 -75.575142
442.450450 -75.575142
442.954955 -75.545860
443.459459 -75.531219
443.963964 -75.516579
444.468468 -75.509254
444.972973 -75.497055
445.477477 -75.482414
445.981982 -75.475090
446.486486 -75.460449
446.990991 -75.453133
447.495495 -75.443367
448.000000 -75.426292
448.504505 -75.416527
449.009009 -75.406769
449.513514 -75.404327
450.018018 -75.404327
450.522523 -75.384804
451.027027 -75.377487
451.531532 -75.372604
452.036036 -75.360405
452.540541 -75.355522
453.045045 -75.348206
453.549550 -75.343323
454.054054 -75.328682
454.558559 -75.318916
455.063063 -75.309158
455.567568 -75.301842
456.072072 -75.282318
456.576577 -75.289635
457.081081 -75.274994
457.585586 -75.270119
458.090090 -75.248154
458.594595 -75.243271
459.099099 -75.235954
459.603604 -75.228630
460.108108 -75.231071
460.612613 -75.221313
461.117117 -75.209106
461.621622 -75.206673
462.126126 -75.206673
462.630631 -75.196907
463.135135 -75.177391
463.639640 -75.177391
464.144144 -75.172508
464.648649 -75.167625
465.153153 -75.150543
465.657658 -75.150543
466.162162 -75.148102
466.666667 -75.140785
467.171171 -75.126144
467.675676 -75.135902
468.180180 -75.135902
468.684685 -75.113945
469.189189 -75.123703
469.693694 -75.135902
470.198198 -75.121262
470.702703 -75.109062
471.207207 -75.113945
471.711712 -75.113945
472.216216 -75.099304
472.720721 -75.094421
473.225225 -75.096863
473.729730 -75.091980
474.234234 -75.087097
474.738739 -75.082222
475.243243 -75.074898
475.747748 -75.077339
476.252252 -75.067581
476.756757 -75.062698
477.261261 -75.057816
477.765766 -75.052940
478.270270 -75.052940
478.774775 -75.065140
479.279279 -75.050499
479.783784 -75.050499
480.288288 -75.035858
480.792793 -75.033417
481.297297 -75.033417
481.801802 -75.035858
482.306306 -75.028534
482.810811 -75.030975
483.315315 -75.021217
483.819820 -75.018776
484.324324 -75.016335
484.828829 -75.028534
485.333333 -75.011452
485.837838 -75.004135
486.342342 -74.999252
486.846847 -75.009010
487.351351 -75.006577
487.855856 -75.011452
488.360360 -74.996811
488.864865 -74.996811
489.369369 -75.006577
489.873874 -74.999252
490.378378 -74.999252
490.882883 -75.009010
491.387387 -75.004135
491.891892 -75.006577
492.396396 -74.996811
492.900901 -74.996811
493.405405 -74.996811
493.909910 -74.991928
494.414414 -74.982170
494.918919 -74.984612
495.423423 -74.991928
495.927928 -74.989494
496.432432 -74.977287
496.936937 -74.969971
497.441441 -74.989494
497.945946 -74.972412
498.450450 -74.972412
498.954955 -74.969971
499.459459 -74.972412
499.963964 -74.972412
500.468468 -74.957771
500.972973 -74.969971
501.477477 -74.965088
501.981982 -74.972412
502.486486 -74.974854
502.990991 -74.962646
503.495495 -74.965088
504.000000 -74.972412
